x y z
1.4 0.0 2.4 3.8
1.39 0.0 2.44 3.82
1.38 0.0 2.46 3.84
1.38 0.0 2.48 3.86
1.39 0.0 2.49 3.88
1.4 0.0 2.5 3.9
1.42 0.0 2.49 3.91
1.44 0.0 2.48 3.92
1.46 0.0 2.46 3.92
1.48 0.0 2.44 3.92
1.5 0.0 2.4 3.9
1.38 -0.23 2.4 3.55
1.37 -0.23 2.44 3.58
1.36 -0.23 2.46 3.6
1.36 -0.23 2.48 3.62
1.37 -0.23 2.49 3.64
1.39 -0.23 2.5 3.65
1.4 -0.23 2.49 3.66
1.42 -0.24 2.48 3.67
1.44 -0.24 2.46 3.66
1.46 -0.24 2.44 3.65
1.48 -0.25 2.4 3.63
1.33 -0.45 2.4 3.28
1.32 -0.44 2.44 3.31
1.31 -0.44 2.46 3.33
1.31 -0.44 2.48 3.35
1.32 -0.44 2.49 3.37
1.33 -0.45 2.5 3.38
1.35 -0.45 2.49 3.39
1.37 -0.46 2.48 3.39
1.39 -0.47 2.46 3.38
1.41 -0.47 2.44 3.37
1.42 -0.48 2.4 3.35
1.25 -0.65 2.4 3.0
1.23 -0.64 2.44 3.03
1.23 -0.64 2.46 3.05
1.23 -0.64 2.48 3.07
1.24 -0.64 2.49 3.09
1.25 -0.65 2.5 3.1
1.26 -0.66 2.49 3.1
1.28 -0.67 2.48 3.1
1.3 -0.68 2.46 3.09
1.32 -0.69 2.44 3.07
1.33 -0.69 2.4 3.04
1.13 -0.83 2.4 2.7
1.12 -0.82 2.44 2.73
1.12 -0.82 2.46 2.76
1.12 -0.82 2.48 2.78
1.13 -0.83 2.49 2.79
1.14 -0.83 2.5 2.8
1.15 -0.84 2.49 2.8
1.16 -0.85 2.48 2.79
1.18 -0.87 2.46 2.78
1.2 -0.88 2.44 2.75
1.21 -0.89 2.4 2.72
0.99 -0.99 2.4 2.4
0.98 -0.98 2.44 2.44
0.98 -0.98 2.46 2.46
0.98 -0.98 2.48 2.48
0.99 -0.99 2.49 2.49
1.0 -1.0 2.5 2.5
1.01 -1.01 2.49 2.49
1.02 -1.02 2.48 2.48
1.04 -1.04 2.46 2.46
1.05 -1.05 2.44 2.44
1.07 -1.07 2.4 2.4
0.83 -1.13 2.4 2.1
0.82 -1.12 2.44 2.14
0.82 -1.12 2.46 2.17
0.82 -1.12 2.48 2.19
0.83 -1.13 2.49 2.2
0.83 -1.14 2.5 2.2
0.84 -1.15 2.49 2.19
0.85 -1.16 2.48 2.17
0.87 -1.18 2.46 2.15
0.88 -1.2 2.44 2.12
0.89 -1.21 2.4 2.08
0.65 -1.25 2.4 1.8
0.64 -1.23 2.44 1.84
0.64 -1.23 2.46 1.87
0.64 -1.23 2.48 1.89
0.64 -1.24 2.49 1.9
0.65 -1.25 2.5 1.9
0.66 -1.26 2.49 1.89
0.67 -1.28 2.48 1.87
0.68 -1.3 2.46 1.84
0.69 -1.32 2.44 1.8
0.69 -1.33 2.4 1.76
0.45 -1.33 2.4 1.52
0.44 -1.32 2.44 1.56
0.44 -1.31 2.46 1.59
0.44 -1.31 2.48 1.61
0.44 -1.32 2.49 1.62
0.45 -1.33 2.5 1.61
0.45 -1.35 2.49 1.6
0.46 -1.37 2.48 1.58
0.47 -1.39 2.46 1.54
0.47 -1.41 2.44 1.5
0.48 -1.42 2.4 1.45
0.23 -1.38 2.4 1.25
0.23 -1.37 2.44 1.29
0.23 -1.36 2.46 1.33
0.23 -1.36 2.48 1.35
0.23 -1.37 2.49 1.35
0.23 -1.39 2.5 1.34
0.23 -1.4 2.49 1.33
0.24 -1.42 2.48 1.3
0.24 -1.44 2.46 1.26
0.24 -1.46 2.44 1.22
0.25 -1.48 2.4 1.17
0.0 -1.4 2.4 1.0
0.0 -1.39 2.44 1.05
0.0 -1.38 2.46 1.08
0.0 -1.38 2.48 1.1
0.0 -1.39 2.49 1.1
0.0 -1.4 2.5 1.1
0.0 -1.42 2.49 1.07
0.0 -1.44 2.48 1.04
0.0 -1.46 2.46 1.0
0.0 -1.48 2.44 0.96
0.0 -1.5 2.4 0.9
0.0 -1.4 2.4 1.0
0.0 -1.39 2.44 1.05
0.0 -1.38 2.46 1.08
0.0 -1.38 2.48 1.1
0.0 -1.39 2.49 1.1
0.0 -1.4 2.5 1.1
0.0 -1.42 2.49 1.07
0.0 -1.44 2.48 1.04
0.0 -1.46 2.46 1.0
0.0 -1.48 2.44 0.96
0.0 -1.5 2.4 0.9
-0.23 -1.38 2.4 0.79
-0.23 -1.37 2.44 0.84
-0.23 -1.36 2.46 0.87
-0.23 -1.36 2.48 0.89
-0.23 -1.37 2.49 0.89
-0.23 -1.39 2.5 0.88
-0.23 -1.4 2.49 0.86
-0.24 -1.42 2.48 0.83
-0.24 -1.44 2.46 0.78
-0.24 -1.46 2.44 0.73
-0.25 -1.48 2.4 0.67
-0.45 -1.33 2.4 0.62
-0.44 -1.32 2.44 0.68
-0.44 -1.31 2.46 0.71
-0.44 -1.31 2.48 0.73
-0.44 -1.32 2.49 0.73
-0.45 -1.33 2.5 0.72
-0.45 -1.35 2.49 0.69
-0.46 -1.37 2.48 0.66
-0.47 -1.39 2.46 0.61
-0.47 -1.41 2.44 0.56
-0.48 -1.42 2.4 0.5
-0.65 -1.25 2.4 0.51
-0.64 -1.23 2.44 0.56
-0.64 -1.23 2.46 0.6
-0.64 -1.23 2.48 0.61
-0.64 -1.24 2.49 0.61
-0.65 -1.25 2.5 0.6
-0.66 -1.26 2.49 0.57
-0.67 -1.28 2.48 0.54
-0.68 -1.3 2.46 0.49
-0.69 -1.32 2.44 0.43
-0.69 -1.33 2.4 0.37
-0.83 -1.13 2.4 0.44
-0.82 -1.12 2.44 0.49
-0.82 -1.12 2.46 0.53
-0.82 -1.12 2.48 0.54
-0.83 -1.13 2.49 0.54
-0.83 -1.14 2.5 0.53
-0.84 -1.15 2.49 0.5
-0.85 -1.16 2.48 0.46
-0.87 -1.18 2.46 0.41
-0.88 -1.2 2.44 0.36
-0.89 -1.21 2.4 0.3
-0.99 -0.99 2.4 0.41
-0.98 -0.98 2.44 0.47
-0.98 -0.98 2.46 0.5
-0.98 -0.98 2.48 0.52
-0.99 -0.99 2.49 0.52
-1.0 -1.0 2.5 0.51
-1.01 -1.01 2.49 0.48
-1.02 -1.02 2.48 0.44
-1.04 -1.04 2.46 0.39
-1.05 -1.05 2.44 0.33
-1.07 -1.07 2.4 0.27
-1.13 -0.83 2.4 0.44
-1.12 -0.82 2.44 0.49
-1.12 -0.82 2.46 0.53
-1.12 -0.82 2.48 0.54
-1.13 -0.83 2.49 0.54
-1.14 -0.83 2.5 0.53
-1.15 -0.84 2.49 0.5
-1.16 -0.85 2.48 0.46
-1.18 -0.87 2.46 0.41
-1.2 -0.88 2.44 0.36
-1.21 -0.89 2.4 0.3
-1.25 -0.65 2.4 0.51
-1.23 -0.64 2.44 0.56
-1.23 -0.64 2.46 0.6
-1.23 -0.64 2.48 0.61
-1.24 -0.64 2.49 0.61
-1.25 -0.65 2.5 0.6
-1.26 -0.66 2.49 0.57
-1.28 -0.67 2.48 0.54
-1.3 -0.68 2.46 0.49
-1.32 -0.69 2.44 0.43
-1.33 -0.69 2.4 0.37
-1.33 -0.45 2.4 0.62
-1.32 -0.44 2.44 0.68
-1.31 -0.44 2.46 0.71
-1.31 -0.44 2.48 0.73
-1.32 -0.44 2.49 0.73
-1.33 -0.45 2.5 0.72
-1.35 -0.45 2.49 0.69
-1.37 -0.46 2.48 0.66
-1.39 -0.47 2.46 0.61
-1.41 -0.47 2.44 0.56
-1.42 -0.48 2.4 0.5
-1.38 -0.23 2.4 0.79
-1.37 -0.23 2.44 0.84
-1.36 -0.23 2.46 0.87
-1.36 -0.23 2.48 0.89
-1.37 -0.23 2.49 0.89
-1.39 -0.23 2.5 0.88
-1.4 -0.23 2.49 0.86
-1.42 -0.24 2.48 0.83
-1.44 -0.24 2.46 0.78
-1.46 -0.24 2.44 0.73
-1.48 -0.25 2.4 0.67
-1.4 0.0 2.4 1.0
-1.39 0.0 2.44 1.05
-1.38 0.0 2.46 1.08
-1.38 0.0 2.48 1.1
-1.39 0.0 2.49 1.1
-1.4 0.0 2.5 1.1
-1.42 0.0 2.49 1.07
-1.44 0.0 2.48 1.04
-1.46 0.0 2.46 1.0
-1.48 0.0 2.44 0.96
-1.5 0.0 2.4 0.9
-1.4 0.0 2.4 1.0
-1.39 0.0 2.44 1.05
-1.38 0.0 2.46 1.08
-1.38 0.0 2.48 1.1
-1.39 0.0 2.49 1.1
-1.4 0.0 2.5 1.1
-1.42 0.0 2.49 1.07
-1.44 0.0 2.48 1.04
-1.46 0.0 2.46 1.0
-1.48 0.0 2.44 0.96
-1.5 0.0 2.4 0.9
-1.38 0.23 2.4 1.25
-1.37 0.23 2.44 1.29
-1.36 0.23 2.46 1.33
-1.36 0.23 2.48 1.35
-1.37 0.23 2.49 1.35
-1.39 0.23 2.5 1.34
-1.4 0.23 2.49 1.33
-1.42 0.24 2.48 1.3
-1.44 0.24 2.46 1.26
-1.46 0.24 2.44 1.22
-1.48 0.25 2.4 1.17
-1.33 0.45 2.4 1.52
-1.32 0.44 2.44 1.56
-1.31 0.44 2.46 1.59
-1.31 0.44 2.48 1.61
-1.32 0.44 2.49 1.62
-1.33 0.45 2.5 1.61
-1.35 0.45 2.49 1.6
-1.37 0.46 2.48 1.58
-1.39 0.47 2.46 1.54
-1.41 0.47 2.44 1.5
-1.42 0.48 2.4 1.45
-1.25 0.65 2.4 1.8
-1.23 0.64 2.44 1.84
-1.23 0.64 2.46 1.87
-1.23 0.64 2.48 1.89
-1.24 0.64 2.49 1.9
-1.25 0.65 2.5 1.9
-1.26 0.66 2.49 1.89
-1.28 0.67 2.48 1.87
-1.3 0.68 2.46 1.84
-1.32 0.69 2.44 1.8
-1.33 0.69 2.4 1.76
-1.13 0.83 2.4 2.1
-1.12 0.82 2.44 2.14
-1.12 0.82 2.46 2.17
-1.12 0.82 2.48 2.19
-1.13 0.83 2.49 2.2
-1.14 0.83 2.5 2.2
-1.15 0.84 2.49 2.19
-1.16 0.85 2.48 2.17
-1.18 0.87 2.46 2.15
-1.2 0.88 2.44 2.12
-1.21 0.89 2.4 2.08
-0.99 0.99 2.4 2.4
-0.98 0.98 2.44 2.44
-0.98 0.98 2.46 2.46
-0.98 0.98 2.48 2.48
-0.99 0.99 2.49 2.49
-1.0 1.0 2.5 2.5
-1.01 1.01 2.49 2.49
-1.02 1.02 2.48 2.48
-1.04 1.04 2.46 2.46
-1.05 1.05 2.44 2.44
-1.07 1.07 2.4 2.4
-0.83 1.13 2.4 2.7
-0.82 1.12 2.44 2.73
-0.82 1.12 2.46 2.76
-0.82 1.12 2.48 2.78
-0.83 1.13 2.49 2.79
-0.83 1.14 2.5 2.8
-0.84 1.15 2.49 2.8
-0.85 1.16 2.48 2.79
-0.87 1.18 2.46 2.78
-0.88 1.2 2.44 2.75
-0.89 1.21 2.4 2.72
-0.65 1.25 2.4 3.0
-0.64 1.23 2.44 3.03
-0.64 1.23 2.46 3.05
-0.64 1.23 2.48 3.07
-0.64 1.24 2.49 3.09
-0.65 1.25 2.5 3.1
-0.66 1.26 2.49 3.1
-0.67 1.28 2.48 3.1
-0.68 1.3 2.46 3.09
-0.69 1.32 2.44 3.07
-0.69 1.33 2.4 3.04
-0.45 1.33 2.4 3.28
-0.44 1.32 2.44 3.31
-0.44 1.31 2.46 3.33
-0.44 1.31 2.48 3.35
-0.44 1.32 2.49 3.37
-0.45 1.33 2.5 3.38
-0.45 1.35 2.49 3.39
-0.46 1.37 2.48 3.39
-0.47 1.39 2.46 3.38
-0.47 1.41 2.44 3.37
-0.48 1.42 2.4 3.35
-0.23 1.38 2.4 3.55
-0.23 1.37 2.44 3.58
-0.23 1.36 2.46 3.6
-0.23 1.36 2.48 3.62
-0.23 1.37 2.49 3.64
-0.23 1.39 2.5 3.65
-0.23 1.4 2.49 3.66
-0.24 1.42 2.48 3.67
-0.24 1.44 2.46 3.66
-0.24 1.46 2.44 3.65
-0.25 1.48 2.4 3.63
0.0 1.4 2.4 3.8
0.0 1.39 2.44 3.82
0.0 1.38 2.46 3.84
0.0 1.38 2.48 3.86
0.0 1.39 2.49 3.88
0.0 1.4 2.5 3.9
0.0 1.42 2.49 3.91
0.0 1.44 2.48 3.92
0.0 1.46 2.46 3.92
0.0 1.48 2.44 3.92
0.0 1.5 2.4 3.9
0.0 1.4 2.4 3.8
0.0 1.39 2.44 3.82
0.0 1.38 2.46 3.84
0.0 1.38 2.48 3.86
0.0 1.39 2.49 3.88
0.0 1.4 2.5 3.9
0.0 1.42 2.49 3.91
0.0 1.44 2.48 3.92
0.0 1.46 2.46 3.92
0.0 1.48 2.44 3.92
0.0 1.5 2.4 3.9
0.23 1.38 2.4 4.01
0.23 1.37 2.44 4.03
0.23 1.36 2.46 4.05
0.23 1.36 2.48 4.07
0.23 1.37 2.49 4.09
0.23 1.39 2.5 4.11
0.23 1.4 2.49 4.13
0.24 1.42 2.48 4.14
0.24 1.44 2.46 4.14
0.24 1.46 2.44 4.14
0.25 1.48 2.4 4.13
0.45 1.33 2.4 4.18
0.44 1.32 2.44 4.19
0.44 1.31 2.46 4.21
0.44 1.31 2.48 4.24
0.44 1.32 2.49 4.26
0.45 1.33 2.5 4.28
0.45 1.35 2.49 4.3
0.46 1.37 2.48 4.31
0.47 1.39 2.46 4.31
0.47 1.41 2.44 4.31
0.48 1.42 2.4 4.3
0.65 1.25 2.4 4.29
0.64 1.23 2.44 4.31
0.64 1.23 2.46 4.33
0.64 1.23 2.48 4.35
0.64 1.24 2.49 4.38
0.65 1.25 2.5 4.4
0.66 1.26 2.49 4.42
0.67 1.28 2.48 4.43
0.68 1.3 2.46 4.44
0.69 1.32 2.44 4.44
0.69 1.33 2.4 4.43
0.83 1.13 2.4 4.36
0.82 1.12 2.44 4.38
0.82 1.12 2.46 4.4
0.82 1.12 2.48 4.42
0.83 1.13 2.49 4.45
0.83 1.14 2.5 4.47
0.84 1.15 2.49 4.49
0.85 1.16 2.48 4.5
0.87 1.18 2.46 4.51
0.88 1.2 2.44 4.51
0.89 1.21 2.4 4.5
0.99 0.99 2.4 4.39
0.98 0.98 2.44 4.4
0.98 0.98 2.46 4.42
0.98 0.98 2.48 4.45
0.99 0.99 2.49 4.47
1.0 1.0 2.5 4.49
1.01 1.01 2.49 4.51
1.02 1.02 2.48 4.53
1.04 1.04 2.46 4.54
1.05 1.05 2.44 4.54
1.07 1.07 2.4 4.53
1.13 0.83 2.4 4.36
1.12 0.82 2.44 4.38
1.12 0.82 2.46 4.4
1.12 0.82 2.48 4.42
1.13 0.83 2.49 4.45
1.14 0.83 2.5 4.47
1.15 0.84 2.49 4.49
1.16 0.85 2.48 4.5
1.18 0.87 2.46 4.51
1.2 0.88 2.44 4.51
1.21 0.89 2.4 4.5
1.25 0.65 2.4 4.29
1.23 0.64 2.44 4.31
1.23 0.64 2.46 4.33
1.23 0.64 2.48 4.35
1.24 0.64 2.49 4.38
1.25 0.65 2.5 4.4
1.26 0.66 2.49 4.42
1.28 0.67 2.48 4.43
1.3 0.68 2.46 4.44
1.32 0.69 2.44 4.44
1.33 0.69 2.4 4.43
1.33 0.45 2.4 4.18
1.32 0.44 2.44 4.19
1.31 0.44 2.46 4.21
1.31 0.44 2.48 4.24
1.32 0.44 2.49 4.26
1.33 0.45 2.5 4.28
1.35 0.45 2.49 4.3
1.37 0.46 2.48 4.31
1.39 0.47 2.46 4.31
1.41 0.47 2.44 4.31
1.42 0.48 2.4 4.3
1.38 0.23 2.4 4.01
1.37 0.23 2.44 4.03
1.36 0.23 2.46 4.05
1.36 0.23 2.48 4.07
1.37 0.23 2.49 4.09
1.39 0.23 2.5 4.11
1.4 0.23 2.49 4.13
1.42 0.24 2.48 4.14
1.44 0.24 2.46 4.14
1.46 0.24 2.44 4.14
1.48 0.25 2.4 4.13
1.4 0.0 2.4 3.8
1.39 0.0 2.44 3.82
1.38 0.0 2.46 3.84
1.38 0.0 2.48 3.86
1.39 0.0 2.49 3.88
1.4 0.0 2.5 3.9
1.42 0.0 2.49 3.91
1.44 0.0 2.48 3.92
1.46 0.0 2.46 3.92
1.48 0.0 2.44 3.92
1.5 0.0 2.4 3.9
1.5 0.0 2.4 3.9
1.57 0.0 2.24 3.82
1.65 0.0 2.09 3.73
1.72 0.0 1.93 3.65
1.78 0.0 1.77 3.56
1.84 0.0 1.62 3.47
1.9 0.0 1.47 3.37
1.94 0.0 1.32 3.26
1.97 0.0 1.18 3.15
1.99 0.0 1.04 3.03
2.0 0.0 0.9 2.9
1.48 -0.25 2.4 3.63
1.55 -0.26 2.24 3.54
1.63 -0.27 2.09 3.44
1.7 -0.28 1.93 3.34
1.76 -0.29 1.77 3.24
1.82 -0.3 1.62 3.14
1.87 -0.31 1.47 3.03
1.91 -0.32 1.32 2.92
1.95 -0.32 1.18 2.8
1.97 -0.33 1.04 2.68
1.97 -0.33 0.9 2.55
1.42 -0.48 2.4 3.35
1.5 -0.5 2.24 3.24
1.57 -0.53 2.09 3.13
1.63 -0.55 1.93 3.01
1.69 -0.57 1.77 2.9
1.75 -0.59 1.62 2.78
1.8 -0.6 1.47 2.67
1.84 -0.62 1.32 2.55
1.87 -0.63 1.18 2.42
1.89 -0.64 1.04 2.29
1.9 -0.64 0.9 2.16
1.33 -0.69 2.4 3.04
1.4 -0.73 2.24 2.91
1.47 -0.76 2.09 2.79
1.53 -0.8 1.93 2.66
1.59 -0.83 1.77 2.54
1.64 -0.85 1.62 2.41
1.69 -0.88 1.47 2.28
1.73 -0.9 1.32 2.15
1.75 -0.91 1.18 2.02
1.77 -0.92 1.04 1.89
1.78 -0.93 0.9 1.75
1.21 -0.89 2.4 2.72
1.27 -0.94 2.24 2.58
1.33 -0.98 2.09 2.44
1.39 -1.02 1.93 2.3
1.44 -1.06 1.77 2.16
1.49 -1.1 1.62 2.02
1.53 -1.13 1.47 1.88
1.57 -1.15 1.32 1.74
1.6 -1.17 1.18 1.6
1.61 -1.18 1.04 1.47
1.62 -1.19 0.9 1.33
1.07 -1.07 2.4 2.4
1.12 -1.12 2.24 2.24
1.17 -1.17 2.09 2.09
1.22 -1.22 1.93 1.93
1.27 -1.27 1.77 1.77
1.31 -1.31 1.62 1.62
1.35 -1.35 1.47 1.47
1.38 -1.38 1.32 1.32
1.4 -1.4 1.18 1.18
1.41 -1.41 1.04 1.04
1.42 -1.42 0.9 0.9
0.89 -1.21 2.4 2.08
0.94 -1.27 2.24 1.9
0.98 -1.33 2.09 1.73
1.02 -1.39 1.93 1.56
1.06 -1.44 1.77 1.39
1.1 -1.49 1.62 1.22
1.13 -1.53 1.47 1.06
1.15 -1.57 1.32 0.91
1.17 -1.6 1.18 0.75
1.18 -1.61 1.04 0.61
1.19 -1.62 0.9 0.47
0.69 -1.33 2.4 1.76
0.73 -1.4 2.24 1.57
0.76 -1.47 2.09 1.38
0.8 -1.53 1.93 1.2
0.83 -1.59 1.77 1.01
0.85 -1.64 1.62 0.83
0.88 -1.69 1.47 0.66
0.9 -1.73 1.32 0.5
0.91 -1.75 1.18 0.34
0.92 -1.77 1.04 0.19
0.93 -1.78 0.9 0.05
0.48 -1.42 2.4 1.45
0.5 -1.5 2.24 1.25
0.53 -1.57 2.09 1.05
0.55 -1.63 1.93 0.85
0.57 -1.69 1.77 0.65
0.59 -1.75 1.62 0.46
0.6 -1.8 1.47 0.28
0.62 -1.84 1.32 0.1
0.63 -1.87 1.18 -0.07
0.64 -1.89 1.04 -0.22
0.64 -1.9 0.9 -0.36
0.25 -1.48 2.4 1.17
0.26 -1.55 2.24 0.95
0.27 -1.63 2.09 0.73
0.28 -1.7 1.93 0.52
0.29 -1.76 1.77 0.31
0.3 -1.82 1.62 0.1
0.31 -1.87 1.47 -0.09
0.32 -1.91 1.32 -0.27
0.32 -1.95 1.18 -0.44
0.33 -1.97 1.04 -0.6
0.33 -1.97 0.9 -0.75
0.0 -1.5 2.4 0.9
0.0 -1.57 2.24 0.67
0.0 -1.65 2.09 0.44
0.0 -1.72 1.93 0.21
0.0 -1.78 1.77 -0.01
0.0 -1.84 1.62 -0.22
0.0 -1.9 1.47 -0.42
0.0 -1.94 1.32 -0.62
0.0 -1.97 1.18 -0.79
0.0 -1.99 1.04 -0.96
0.0 -2.0 0.9 -1.1
0.0 -1.5 2.4 0.9
0.0 -1.57 2.24 0.67
0.0 -1.65 2.09 0.44
0.0 -1.72 1.93 0.21
0.0 -1.78 1.77 -0.01
0.0 -1.84 1.62 -0.22
0.0 -1.9 1.47 -0.42
0.0 -1.94 1.32 -0.62
0.0 -1.97 1.18 -0.79
0.0 -1.99 1.04 -0.96
0.0 -2.0 0.9 -1.1
-0.25 -1.48 2.4 0.67
-0.26 -1.55 2.24 0.43
-0.27 -1.63 2.09 0.19
-0.28 -1.7 1.93 -0.05
-0.29 -1.76 1.77 -0.28
-0.3 -1.82 1.62 -0.5
-0.31 -1.87 1.47 -0.71
-0.32 -1.91 1.32 -0.91
-0.32 -1.95 1.18 -1.09
-0.33 -1.97 1.04 -1.26
-0.33 -1.97 0.9 -1.4
-0.48 -1.42 2.4 0.5
-0.5 -1.5 2.24 0.24
-0.53 -1.57 2.09 -0.01
-0.55 -1.63 1.93 -0.25
-0.57 -1.69 1.77 -0.49
-0.59 -1.75 1.62 -0.72
-0.6 -1.8 1.47 -0.93
-0.62 -1.84 1.32 -1.14
-0.63 -1.87 1.18 -1.32
-0.64 -1.89 1.04 -1.49
-0.64 -1.9 0.9 -1.64
-0.69 -1.33 2.4 0.37
-0.73 -1.4 2.24 0.11
-0.76 -1.47 2.09 -0.14
-0.8 -1.53 1.93 -0.39
-0.83 -1.59 1.77 -0.64
-0.85 -1.64 1.62 -0.87
-0.88 -1.69 1.47 -1.09
-0.9 -1.73 1.32 -1.3
-0.91 -1.75 1.18 -1.49
-0.92 -1.77 1.04 -1.66
-0.93 -1.78 0.9 -1.81
-0.89 -1.21 2.4 0.3
-0.94 -1.27 2.24 0.03
-0.98 -1.33 2.09 -0.23
-1.02 -1.39 1.93 -0.48
-1.06 -1.44 1.77 -0.73
-1.1 -1.49 1.62 -0.97
-1.13 -1.53 1.47 -1.19
-1.15 -1.57 1.32 -1.4
-1.17 -1.6 1.18 -1.59
-1.18 -1.61 1.04 -1.76
-1.19 -1.62 0.9 -1.91
-1.07 -1.07 2.4 0.27
-1.12 -1.12 2.24 0.01
-1.17 -1.17 2.09 -0.25
-1.22 -1.22 1.93 -0.51
-1.27 -1.27 1.77 -0.76
-1.31 -1.31 1.62 -1.0
-1.35 -1.35 1.47 -1.22
-1.38 -1.38 1.32 -1.43
-1.4 -1.4 1.18 -1.62
-1.41 -1.41 1.04 -1.79
-1.42 -1.42 0.9 -1.94
-1.21 -0.89 2.4 0.3
-1.27 -0.94 2.24 0.03
-1.33 -0.98 2.09 -0.23
-1.39 -1.02 1.93 -0.48
-1.44 -1.06 1.77 -0.73
-1.49 -1.1 1.62 -0.97
-1.53 -1.13 1.47 -1.19
-1.57 -1.15 1.32 -1.4
-1.6 -1.17 1.18 -1.59
-1.61 -1.18 1.04 -1.76
-1.62 -1.19 0.9 -1.91
-1.33 -0.69 2.4 0.37
-1.4 -0.73 2.24 0.11
-1.47 -0.76 2.09 -0.14
-1.53 -0.8 1.93 -0.39
-1.59 -0.83 1.77 -0.64
-1.64 -0.85 1.62 -0.87
-1.69 -0.88 1.47 -1.09
-1.73 -0.9 1.32 -1.3
-1.75 -0.91 1.18 -1.49
-1.77 -0.92 1.04 -1.66
-1.78 -0.93 0.9 -1.81
-1.42 -0.48 2.4 0.5
-1.5 -0.5 2.24 0.24
-1.57 -0.53 2.09 -0.01
-1.63 -0.55 1.93 -0.25
-1.69 -0.57 1.77 -0.49
-1.75 -0.59 1.62 -0.72
-1.8 -0.6 1.47 -0.93
-1.84 -0.62 1.32 -1.14
-1.87 -0.63 1.18 -1.32
-1.89 -0.64 1.04 -1.49
-1.9 -0.64 0.9 -1.64
-1.48 -0.25 2.4 0.67
-1.55 -0.26 2.24 0.43
-1.63 -0.27 2.09 0.19
-1.7 -0.28 1.93 -0.05
-1.76 -0.29 1.77 -0.28
-1.82 -0.3 1.62 -0.5
-1.87 -0.31 1.47 -0.71
-1.91 -0.32 1.32 -0.91
-1.95 -0.32 1.18 -1.09
-1.97 -0.33 1.04 -1.26
-1.97 -0.33 0.9 -1.4
-1.5 0.0 2.4 0.9
-1.57 0.0 2.24 0.67
-1.65 0.0 2.09 0.44
-1.72 0.0 1.93 0.21
-1.78 0.0 1.77 -0.01
-1.84 0.0 1.62 -0.22
-1.9 0.0 1.47 -0.42
-1.94 0.0 1.32 -0.62
-1.97 0.0 1.18 -0.79
-1.99 0.0 1.04 -0.96
-2.0 0.0 0.9 -1.1
-1.5 0.0 2.4 0.9
-1.57 0.0 2.24 0.67
-1.65 0.0 2.09 0.44
-1.72 0.0 1.93 0.21
-1.78 0.0 1.77 -0.01
-1.84 0.0 1.62 -0.22
-1.9 0.0 1.47 -0.42
-1.94 0.0 1.32 -0.62
-1.97 0.0 1.18 -0.79
-1.99 0.0 1.04 -0.96
-2.0 0.0 0.9 -1.1
-1.48 0.25 2.4 1.17
-1.55 0.26 2.24 0.95
-1.63 0.27 2.09 0.73
-1.7 0.28 1.93 0.52
-1.76 0.29 1.77 0.31
-1.82 0.3 1.62 0.1
-1.87 0.31 1.47 -0.09
-1.91 0.32 1.32 -0.27
-1.95 0.32 1.18 -0.44
-1.97 0.33 1.04 -0.6
-1.97 0.33 0.9 -0.75
-1.42 0.48 2.4 1.45
-1.5 0.5 2.24 1.25
-1.57 0.53 2.09 1.05
-1.63 0.55 1.93 0.85
-1.69 0.57 1.77 0.65
-1.75 0.59 1.62 0.46
-1.8 0.6 1.47 0.28
-1.84 0.62 1.32 0.1
-1.87 0.63 1.18 -0.07
-1.89 0.64 1.04 -0.22
-1.9 0.64 0.9 -0.36
-1.33 0.69 2.4 1.76
-1.4 0.73 2.24 1.57
-1.47 0.76 2.09 1.38
-1.53 0.8 1.93 1.2
-1.59 0.83 1.77 1.01
-1.64 0.85 1.62 0.83
-1.69 0.88 1.47 0.66
-1.73 0.9 1.32 0.5
-1.75 0.91 1.18 0.34
-1.77 0.92 1.04 0.19
-1.78 0.93 0.9 0.05
-1.21 0.89 2.4 2.08
-1.27 0.94 2.24 1.9
-1.33 0.98 2.09 1.73
-1.39 1.02 1.93 1.56
-1.44 1.06 1.77 1.39
-1.49 1.1 1.62 1.22
-1.53 1.13 1.47 1.06
-1.57 1.15 1.32 0.91
-1.6 1.17 1.18 0.75
-1.61 1.18 1.04 0.61
-1.62 1.19 0.9 0.47
-1.07 1.07 2.4 2.4
-1.12 1.12 2.24 2.24
-1.17 1.17 2.09 2.09
-1.22 1.22 1.93 1.93
-1.27 1.27 1.77 1.77
-1.31 1.31 1.62 1.62
-1.35 1.35 1.47 1.47
-1.38 1.38 1.32 1.32
-1.4 1.4 1.18 1.18
-1.41 1.41 1.04 1.04
-1.42 1.42 0.9 0.9
-0.89 1.21 2.4 2.72
-0.94 1.27 2.24 2.58
-0.98 1.33 2.09 2.44
-1.02 1.39 1.93 2.3
-1.06 1.44 1.77 2.16
-1.1 1.49 1.62 2.02
-1.13 1.53 1.47 1.88
-1.15 1.57 1.32 1.74
-1.17 1.6 1.18 1.6
-1.18 1.61 1.04 1.47
-1.19 1.62 0.9 1.33
-0.69 1.33 2.4 3.04
-0.73 1.4 2.24 2.91
-0.76 1.47 2.09 2.79
-0.8 1.53 1.93 2.66
-0.83 1.59 1.77 2.54
-0.85 1.64 1.62 2.41
-0.88 1.69 1.47 2.28
-0.9 1.73 1.32 2.15
-0.91 1.75 1.18 2.02
-0.92 1.77 1.04 1.89
-0.93 1.78 0.9 1.75
-0.48 1.42 2.4 3.35
-0.5 1.5 2.24 3.24
-0.53 1.57 2.09 3.13
-0.55 1.63 1.93 3.01
-0.57 1.69 1.77 2.9
-0.59 1.75 1.62 2.78
-0.6 1.8 1.47 2.67
-0.62 1.84 1.32 2.55
-0.63 1.87 1.18 2.42
-0.64 1.89 1.04 2.29
-0.64 1.9 0.9 2.16
-0.25 1.48 2.4 3.63
-0.26 1.55 2.24 3.54
-0.27 1.63 2.09 3.44
-0.28 1.7 1.93 3.34
-0.29 1.76 1.77 3.24
-0.3 1.82 1.62 3.14
-0.31 1.87 1.47 3.03
-0.32 1.91 1.32 2.92
-0.32 1.95 1.18 2.8
-0.33 1.97 1.04 2.68
-0.33 1.97 0.9 2.55
0.0 1.5 2.4 3.9
0.0 1.57 2.24 3.82
0.0 1.65 2.09 3.73
0.0 1.72 1.93 3.65
0.0 1.78 1.77 3.56
0.0 1.84 1.62 3.47
0.0 1.9 1.47 3.37
0.0 1.94 1.32 3.26
0.0 1.97 1.18 3.15
0.0 1.99 1.04 3.03
0.0 2.0 0.9 2.9
0.0 1.5 2.4 3.9
0.0 1.57 2.24 3.82
0.0 1.65 2.09 3.73
0.0 1.72 1.93 3.65
0.0 1.78 1.77 3.56
0.0 1.84 1.62 3.47
0.0 1.9 1.47 3.37
0.0 1.94 1.32 3.26
0.0 1.97 1.18 3.15
0.0 1.99 1.04 3.03
0.0 2.0 0.9 2.9
0.25 1.48 2.4 4.13
0.26 1.55 2.24 4.06
0.27 1.63 2.09 3.98
0.28 1.7 1.93 3.91
0.29 1.76 1.77 3.83
0.3 1.82 1.62 3.74
0.31 1.87 1.47 3.65
0.32 1.91 1.32 3.56
0.32 1.95 1.18 3.45
0.33 1.97 1.04 3.33
0.33 1.97 0.9 3.2
0.48 1.42 2.4 4.3
0.5 1.5 2.24 4.24
0.53 1.57 2.09 4.18
0.55 1.63 1.93 4.11
0.57 1.69 1.77 4.04
0.59 1.75 1.62 3.96
0.6 1.8 1.47 3.88
0.62 1.84 1.32 3.78
0.63 1.87 1.18 3.68
0.64 1.89 1.04 3.57
0.64 1.9 0.9 3.44
0.69 1.33 2.4 4.43
0.73 1.4 2.24 4.37
0.76 1.47 2.09 4.32
0.8 1.53 1.93 4.25
0.83 1.59 1.77 4.19
0.85 1.64 1.62 4.12
0.88 1.69 1.47 4.04
0.9 1.73 1.32 3.95
0.91 1.75 1.18 3.85
0.92 1.77 1.04 3.73
0.93 1.78 0.9 3.61
0.89 1.21 2.4 4.5
0.94 1.27 2.24 4.45
0.98 1.33 2.09 4.4
1.02 1.39 1.93 4.34
1.06 1.44 1.77 4.28
1.1 1.49 1.62 4.21
1.13 1.53 1.47 4.13
1.15 1.57 1.32 4.04
1.17 1.6 1.18 3.95
1.18 1.61 1.04 3.83
1.19 1.62 0.9 3.71
1.07 1.07 2.4 4.53
1.12 1.12 2.24 4.48
1.17 1.17 2.09 4.43
1.22 1.22 1.93 4.37
1.27 1.27 1.77 4.31
1.31 1.31 1.62 4.24
1.35 1.35 1.47 4.16
1.38 1.38 1.32 4.08
1.4 1.4 1.18 3.98
1.41 1.41 1.04 3.87
1.42 1.42 0.9 3.74
1.21 0.89 2.4 4.5
1.27 0.94 2.24 4.45
1.33 0.98 2.09 4.4
1.39 1.02 1.93 4.34
1.44 1.06 1.77 4.28
1.49 1.1 1.62 4.21
1.53 1.13 1.47 4.13
1.57 1.15 1.32 4.04
1.6 1.17 1.18 3.95
1.61 1.18 1.04 3.83
1.62 1.19 0.9 3.71
1.33 0.69 2.4 4.43
1.4 0.73 2.24 4.37
1.47 0.76 2.09 4.32
1.53 0.8 1.93 4.25
1.59 0.83 1.77 4.19
1.64 0.85 1.62 4.12
1.69 0.88 1.47 4.04
1.73 0.9 1.32 3.95
1.75 0.91 1.18 3.85
1.77 0.92 1.04 3.73
1.78 0.93 0.9 3.61
1.42 0.48 2.4 4.3
1.5 0.5 2.24 4.24
1.57 0.53 2.09 4.18
1.63 0.55 1.93 4.11
1.69 0.57 1.77 4.04
1.75 0.59 1.62 3.96
1.8 0.6 1.47 3.88
1.84 0.62 1.32 3.78
1.87 0.63 1.18 3.68
1.89 0.64 1.04 3.57
1.9 0.64 0.9 3.44
1.48 0.25 2.4 4.13
1.55 0.26 2.24 4.06
1.63 0.27 2.09 3.98
1.7 0.28 1.93 3.91
1.76 0.29 1.77 3.83
1.82 0.3 1.62 3.74
1.87 0.31 1.47 3.65
1.91 0.32 1.32 3.56
1.95 0.32 1.18 3.45
1.97 0.33 1.04 3.33
1.97 0.33 0.9 3.2
1.5 0.0 2.4 3.9
1.57 0.0 2.24 3.82
1.65 0.0 2.09 3.73
1.72 0.0 1.93 3.65
1.78 0.0 1.77 3.56
1.84 0.0 1.62 3.47
1.9 0.0 1.47 3.37
1.94 0.0 1.32 3.26
1.97 0.0 1.18 3.15
1.99 0.0 1.04 3.03
2.0 0.0 0.9 2.9
2.0 0.0 0.9 2.9
1.99 0.0 0.77 2.76
1.95 0.0 0.66 2.6
1.89 0.0 0.55 2.45
1.82 0.0 0.46 2.29
1.75 0.0 0.38 2.13
1.68 0.0 0.32 1.99
1.61 0.0 0.26 1.87
1.55 0.0 0.21 1.77
1.51 0.0 0.18 1.69
1.5 0.0 0.15 1.65
1.97 -0.33 0.9 2.55
1.96 -0.33 0.77 2.41
1.92 -0.32 0.66 2.26
1.87 -0.31 0.55 2.11
1.8 -0.3 0.46 1.96
1.73 -0.29 0.38 1.82
1.65 -0.27 0.32 1.7
1.59 -0.26 0.26 1.58
1.53 -0.25 0.21 1.49
1.49 -0.25 0.18 1.42
1.48 -0.25 0.15 1.38
1.9 -0.64 0.9 2.16
1.89 -0.63 0.77 2.02
1.85 -0.62 0.66 1.89
1.8 -0.6 0.55 1.75
1.73 -0.58 0.46 1.61
1.66 -0.56 0.38 1.49
1.59 -0.53 0.32 1.37
1.53 -0.51 0.26 1.27
1.47 -0.5 0.21 1.19
1.44 -0.48 0.18 1.13
1.42 -0.48 0.15 1.1
1.78 -0.93 0.9 1.75
1.77 -0.92 0.77 1.62
1.73 -0.9 0.66 1.49
1.68 -0.88 0.55 1.36
1.62 -0.84 0.46 1.24
1.56 -0.81 0.38 1.13
1.49 -0.78 0.32 1.03
1.43 -0.74 0.26 0.95
1.38 -0.72 0.21 0.88
1.35 -0.7 0.18 0.82
1.33 -0.69 0.15 0.79
1.62 -1.19 0.9 1.33
1.61 -1.18 0.77 1.2
1.58 -1.16 0.66 1.08
1.53 -1.12 0.55 0.96
1.48 -1.08 0.46 0.86
1.42 -1.04 0.38 0.76
1.36 -1.0 0.32 0.68
1.3 -0.96 0.26 0.61
1.26 -0.92 0.21 0.55
1.23 -0.9 0.18 0.5
1.21 -0.89 0.15 0.47
1.42 -1.42 0.9 0.9
1.41 -1.41 0.77 0.77
1.38 -1.38 0.66 0.66
1.34 -1.34 0.55 0.55
1.3 -1.3 0.46 0.46
1.24 -1.24 0.38 0.38
1.19 -1.19 0.32 0.32
1.14 -1.14 0.26 0.26
1.1 -1.1 0.21 0.21
1.07 -1.07 0.18 0.18
1.07 -1.07 0.15 0.15
1.19 -1.62 0.9 0.47
1.18 -1.61 0.77 0.34
1.16 -1.58 0.66 0.24
1.12 -1.53 0.55 0.15
1.08 -1.48 0.46 0.07
1.04 -1.42 0.38 0.01
1.0 -1.36 0.32 -0.04
0.96 -1.3 0.26 -0.09
0.92 -1.26 0.21 -0.12
0.9 -1.23 0.18 -0.15
0.89 -1.21 0.15 -0.17
0.93 -1.78 0.9 0.05
0.92 -1.77 0.77 -0.08
0.9 -1.73 0.66 -0.18
0.88 -1.68 0.55 -0.25
0.84 -1.62 0.46 -0.32
0.81 -1.56 0.38 -0.36
0.78 -1.49 0.32 -0.4
0.74 -1.43 0.26 -0.43
0.72 -1.38 0.21 -0.45
0.7 -1.35 0.18 -0.47
0.69 -1.33 0.15 -0.49
0.64 -1.9 0.9 -0.36
0.63 -1.89 0.77 -0.48
0.62 -1.85 0.66 -0.57
0.6 -1.8 0.55 -0.64
0.58 -1.73 0.46 -0.69
0.56 -1.66 0.38 -0.72
0.53 -1.59 0.32 -0.74
0.51 -1.53 0.26 -0.75
0.5 -1.47 0.21 -0.77
0.48 -1.44 0.18 -0.78
0.48 -1.42 0.15 -0.8
0.33 -1.97 0.9 -0.75
0.33 -1.96 0.77 -0.86
0.32 -1.92 0.66 -0.95
0.31 -1.87 0.55 -1.0
0.3 -1.8 0.46 -1.04
0.29 -1.73 0.38 -1.06
0.27 -1.65 0.32 -1.06
0.26 -1.59 0.26 -1.06
0.25 -1.53 0.21 -1.06
0.25 -1.49 0.18 -1.07
0.25 -1.48 0.15 -1.08
0.0 -2.0 0.9 -1.1
0.0 -1.99 0.77 -1.21
0.0 -1.95 0.66 -1.29
0.0 -1.89 0.55 -1.34
0.0 -1.82 0.46 -1.36
0.0 -1.75 0.38 -1.37
0.0 -1.68 0.32 -1.36
0.0 -1.61 0.26 -1.35
0.0 -1.55 0.21 -1.34
0.0 -1.51 0.18 -1.34
0.0 -1.5 0.15 -1.35
0.0 -2.0 0.9 -1.1
0.0 -1.99 0.77 -1.21
0.0 -1.95 0.66 -1.29
0.0 -1.89 0.55 -1.34
0.0 -1.82 0.46 -1.36
0.0 -1.75 0.38 -1.37
0.0 -1.68 0.32 -1.36
0.0 -1.61 0.26 -1.35
0.0 -1.55 0.21 -1.34
0.0 -1.51 0.18 -1.34
0.0 -1.5 0.15 -1.35
-0.33 -1.97 0.9 -1.4
-0.33 -1.96 0.77 -1.51
-0.32 -1.92 0.66 -1.59
-0.31 -1.87 0.55 -1.62
-0.3 -1.8 0.46 -1.64
-0.29 -1.73 0.38 -1.63
-0.27 -1.65 0.32 -1.61
-0.26 -1.59 0.26 -1.59
-0.25 -1.53 0.21 -1.57
-0.25 -1.49 0.18 -1.57
-0.25 -1.48 0.15 -1.58
-0.64 -1.9 0.9 -1.64
-0.63 -1.89 0.77 -1.75
-0.62 -1.85 0.66 -1.82
-0.6 -1.8 0.55 -1.85
-0.58 -1.73 0.46 -1.85
-0.56 -1.66 0.38 -1.84
-0.53 -1.59 0.32 -1.81
-0.51 -1.53 0.26 -1.78
-0.5 -1.47 0.21 -1.76
-0.48 -1.44 0.18 -1.74
-0.48 -1.42 0.15 -1.75
-0.93 -1.78 0.9 -1.81
-0.92 -1.77 0.77 -1.91
-0.9 -1.73 0.66 -1.98
-0.88 -1.68 0.55 -2.01
-0.84 -1.62 0.46 -2.0
-0.81 -1.56 0.38 -1.98
-0.78 -1.49 0.32 -1.95
-0.74 -1.43 0.26 -1.92
-0.72 -1.38 0.21 -1.89
-0.7 -1.35 0.18 -1.87
-0.69 -1.33 0.15 -1.88
-1.19 -1.62 0.9 -1.91
-1.18 -1.61 0.77 -2.02
-1.16 -1.58 0.66 -2.08
-1.12 -1.53 0.55 -2.1
-1.08 -1.48 0.46 -2.1
-1.04 -1.42 0.38 -2.07
-1.0 -1.36 0.32 -2.03
-0.96 -1.3 0.26 -2.0
-0.92 -1.26 0.21 -1.96
-0.9 -1.23 0.18 -1.95
-0.89 -1.21 0.15 -1.95
-1.42 -1.42 0.9 -1.94
-1.41 -1.41 0.77 -2.05
-1.38 -1.38 0.66 -2.11
-1.34 -1.34 0.55 -2.13
-1.3 -1.3 0.46 -2.13
-1.24 -1.24 0.38 -2.1
-1.19 -1.19 0.32 -2.06
-1.14 -1.14 0.26 -2.02
-1.1 -1.1 0.21 -1.99
-1.07 -1.07 0.18 -1.97
-1.07 -1.07 0.15 -1.98
-1.62 -1.19 0.9 -1.91
-1.61 -1.18 0.77 -2.02
-1.58 -1.16 0.66 -2.08
-1.53 -1.12 0.55 -2.1
-1.48 -1.08 0.46 -2.1
-1.42 -1.04 0.38 -2.07
-1.36 -1.0 0.32 -2.03
-1.3 -0.96 0.26 -2.0
-1.26 -0.92 0.21 -1.96
-1.23 -0.9 0.18 -1.95
-1.21 -0.89 0.15 -1.95
-1.78 -0.93 0.9 -1.81
-1.77 -0.92 0.77 -1.91
-1.73 -0.9 0.66 -1.98
-1.68 -0.88 0.55 -2.01
-1.62 -0.84 0.46 -2.0
-1.56 -0.81 0.38 -1.98
-1.49 -0.78 0.32 -1.95
-1.43 -0.74 0.26 -1.92
-1.38 -0.72 0.21 -1.89
-1.35 -0.7 0.18 -1.87
-1.33 -0.69 0.15 -1.88
-1.9 -0.64 0.9 -1.64
-1.89 -0.63 0.77 -1.75
-1.85 -0.62 0.66 -1.82
-1.8 -0.6 0.55 -1.85
-1.73 -0.58 0.46 -1.85
-1.66 -0.56 0.38 -1.84
-1.59 -0.53 0.32 -1.81
-1.53 -0.51 0.26 -1.78
-1.47 -0.5 0.21 -1.76
-1.44 -0.48 0.18 -1.74
-1.42 -0.48 0.15 -1.75
-1.97 -0.33 0.9 -1.4
-1.96 -0.33 0.77 -1.51
-1.92 -0.32 0.66 -1.59
-1.87 -0.31 0.55 -1.62
-1.8 -0.3 0.46 -1.64
-1.73 -0.29 0.38 -1.63
-1.65 -0.27 0.32 -1.61
-1.59 -0.26 0.26 -1.59
-1.53 -0.25 0.21 -1.57
-1.49 -0.25 0.18 -1.57
-1.48 -0.25 0.15 -1.58
-2.0 0.0 0.9 -1.1
-1.99 0.0 0.77 -1.21
-1.95 0.0 0.66 -1.29
-1.89 0.0 0.55 -1.34
-1.82 0.0 0.46 -1.36
-1.75 0.0 0.38 -1.37
-1.68 0.0 0.32 -1.36
-1.61 0.0 0.26 -1.35
-1.55 0.0 0.21 -1.34
-1.51 0.0 0.18 -1.34
-1.5 0.0 0.15 -1.35
-2.0 0.0 0.9 -1.1
-1.99 0.0 0.77 -1.21
-1.95 0.0 0.66 -1.29
-1.89 0.0 0.55 -1.34
-1.82 0.0 0.46 -1.36
-1.75 0.0 0.38 -1.37
-1.68 0.0 0.32 -1.36
-1.61 0.0 0.26 -1.35
-1.55 0.0 0.21 -1.34
-1.51 0.0 0.18 -1.34
-1.5 0.0 0.15 -1.35
-1.97 0.33 0.9 -0.75
-1.96 0.33 0.77 -0.86
-1.92 0.32 0.66 -0.95
-1.87 0.31 0.55 -1.0
-1.8 0.3 0.46 -1.04
-1.73 0.29 0.38 -1.06
-1.65 0.27 0.32 -1.06
-1.59 0.26 0.26 -1.06
-1.53 0.25 0.21 -1.06
-1.49 0.25 0.18 -1.07
-1.48 0.25 0.15 -1.08
-1.9 0.64 0.9 -0.36
-1.89 0.63 0.77 -0.48
-1.85 0.62 0.66 -0.57
-1.8 0.6 0.55 -0.64
-1.73 0.58 0.46 -0.69
-1.66 0.56 0.38 -0.72
-1.59 0.53 0.32 -0.74
-1.53 0.51 0.26 -0.75
-1.47 0.5 0.21 -0.77
-1.44 0.48 0.18 -0.78
-1.42 0.48 0.15 -0.8
-1.78 0.93 0.9 0.05
-1.77 0.92 0.77 -0.08
-1.73 0.9 0.66 -0.18
-1.68 0.88 0.55 -0.25
-1.62 0.84 0.46 -0.32
-1.56 0.81 0.38 -0.36
-1.49 0.78 0.32 -0.4
-1.43 0.74 0.26 -0.43
-1.38 0.72 0.21 -0.45
-1.35 0.7 0.18 -0.47
-1.33 0.69 0.15 -0.49
-1.62 1.19 0.9 0.47
-1.61 1.18 0.77 0.34
-1.58 1.16 0.66 0.24
-1.53 1.12 0.55 0.15
-1.48 1.08 0.46 0.07
-1.42 1.04 0.38 0.01
-1.36 1.0 0.32 -0.04
-1.3 0.96 0.26 -0.09
-1.26 0.92 0.21 -0.12
-1.23 0.9 0.18 -0.15
-1.21 0.89 0.15 -0.17
-1.42 1.42 0.9 0.9
-1.41 1.41 0.77 0.77
-1.38 1.38 0.66 0.66
-1.34 1.34 0.55 0.55
-1.3 1.3 0.46 0.46
-1.24 1.24 0.38 0.38
-1.19 1.19 0.32 0.32
-1.14 1.14 0.26 0.26
-1.1 1.1 0.21 0.21
-1.07 1.07 0.18 0.18
-1.07 1.07 0.15 0.15
-1.19 1.62 0.9 1.33
-1.18 1.61 0.77 1.2
-1.16 1.58 0.66 1.08
-1.12 1.53 0.55 0.96
-1.08 1.48 0.46 0.86
-1.04 1.42 0.38 0.76
-1.0 1.36 0.32 0.68
-0.96 1.3 0.26 0.61
-0.92 1.26 0.21 0.55
-0.9 1.23 0.18 0.5
-0.89 1.21 0.15 0.47
-0.93 1.78 0.9 1.75
-0.92 1.77 0.77 1.62
-0.9 1.73 0.66 1.49
-0.88 1.68 0.55 1.36
-0.84 1.62 0.46 1.24
-0.81 1.56 0.38 1.13
-0.78 1.49 0.32 1.03
-0.74 1.43 0.26 0.95
-0.72 1.38 0.21 0.88
-0.7 1.35 0.18 0.82
-0.69 1.33 0.15 0.79
-0.64 1.9 0.9 2.16
-0.63 1.89 0.77 2.02
-0.62 1.85 0.66 1.89
-0.6 1.8 0.55 1.75
-0.58 1.73 0.46 1.61
-0.56 1.66 0.38 1.49
-0.53 1.59 0.32 1.37
-0.51 1.53 0.26 1.27
-0.5 1.47 0.21 1.19
-0.48 1.44 0.18 1.13
-0.48 1.42 0.15 1.1
-0.33 1.97 0.9 2.55
-0.33 1.96 0.77 2.41
-0.32 1.92 0.66 2.26
-0.31 1.87 0.55 2.11
-0.3 1.8 0.46 1.96
-0.29 1.73 0.38 1.82
-0.27 1.65 0.32 1.7
-0.26 1.59 0.26 1.58
-0.25 1.53 0.21 1.49
-0.25 1.49 0.18 1.42
-0.25 1.48 0.15 1.38
0.0 2.0 0.9 2.9
0.0 1.99 0.77 2.76
0.0 1.95 0.66 2.6
0.0 1.89 0.55 2.45
0.0 1.82 0.46 2.29
0.0 1.75 0.38 2.13
0.0 1.68 0.32 1.99
0.0 1.61 0.26 1.87
0.0 1.55 0.21 1.77
0.0 1.51 0.18 1.69
0.0 1.5 0.15 1.65
0.0 2.0 0.9 2.9
0.0 1.99 0.77 2.76
0.0 1.95 0.66 2.6
0.0 1.89 0.55 2.45
0.0 1.82 0.46 2.29
0.0 1.75 0.38 2.13
0.0 1.68 0.32 1.99
0.0 1.61 0.26 1.87
0.0 1.55 0.21 1.77
0.0 1.51 0.18 1.69
0.0 1.5 0.15 1.65
0.33 1.97 0.9 3.2
0.33 1.96 0.77 3.06
0.32 1.92 0.66 2.9
0.31 1.87 0.55 2.73
0.3 1.8 0.46 2.56
0.29 1.73 0.38 2.4
0.27 1.65 0.32 2.25
0.26 1.59 0.26 2.11
0.25 1.53 0.21 2.0
0.25 1.49 0.18 1.92
0.25 1.48 0.15 1.88
0.64 1.9 0.9 3.44
0.63 1.89 0.77 3.29
0.62 1.85 0.66 3.13
0.6 1.8 0.55 2.95
0.58 1.73 0.46 2.78
0.56 1.66 0.38 2.6
0.53 1.59 0.32 2.44
0.51 1.53 0.26 2.3
0.5 1.47 0.21 2.18
0.48 1.44 0.18 2.1
0.48 1.42 0.15 2.05
0.93 1.78 0.9 3.61
0.92 1.77 0.77 3.46
0.9 1.73 0.66 3.29
0.88 1.68 0.55 3.11
0.84 1.62 0.46 2.93
0.81 1.56 0.38 2.75
0.78 1.49 0.32 2.58
0.74 1.43 0.26 2.44
0.72 1.38 0.21 2.31
0.7 1.35 0.18 2.23
0.69 1.33 0.15 2.18
1.19 1.62 0.9 3.71
1.18 1.61 0.77 3.56
1.16 1.58 0.66 3.39
1.12 1.53 0.55 3.21
1.08 1.48 0.46 3.02
1.04 1.42 0.38 2.84
1.0 1.36 0.32 2.67
0.96 1.3 0.26 2.52
0.92 1.26 0.21 2.39
0.9 1.23 0.18 2.3
0.89 1.21 0.15 2.25
1.42 1.42 0.9 3.74
1.41 1.41 0.77 3.59
1.38 1.38 0.66 3.42
1.34 1.34 0.55 3.24
1.3 1.3 0.46 3.05
1.24 1.24 0.38 2.87
1.19 1.19 0.32 2.7
1.14 1.14 0.26 2.54
1.1 1.1 0.21 2.42
1.07 1.07 0.18 2.33
1.07 1.07 0.15 2.28
1.62 1.19 0.9 3.71
1.61 1.18 0.77 3.56
1.58 1.16 0.66 3.39
1.53 1.12 0.55 3.21
1.48 1.08 0.46 3.02
1.42 1.04 0.38 2.84
1.36 1.0 0.32 2.67
1.3 0.96 0.26 2.52
1.26 0.92 0.21 2.39
1.23 0.9 0.18 2.3
1.21 0.89 0.15 2.25
1.78 0.93 0.9 3.61
1.77 0.92 0.77 3.46
1.73 0.9 0.66 3.29
1.68 0.88 0.55 3.11
1.62 0.84 0.46 2.93
1.56 0.81 0.38 2.75
1.49 0.78 0.32 2.58
1.43 0.74 0.26 2.44
1.38 0.72 0.21 2.31
1.35 0.7 0.18 2.23
1.33 0.69 0.15 2.18
1.9 0.64 0.9 3.44
1.89 0.63 0.77 3.29
1.85 0.62 0.66 3.13
1.8 0.6 0.55 2.95
1.73 0.58 0.46 2.78
1.66 0.56 0.38 2.6
1.59 0.53 0.32 2.44
1.53 0.51 0.26 2.3
1.47 0.5 0.21 2.18
1.44 0.48 0.18 2.1
1.42 0.48 0.15 2.05
1.97 0.33 0.9 3.2
1.96 0.33 0.77 3.06
1.92 0.32 0.66 2.9
1.87 0.31 0.55 2.73
1.8 0.3 0.46 2.56
1.73 0.29 0.38 2.4
1.65 0.27 0.32 2.25
1.59 0.26 0.26 2.11
1.53 0.25 0.21 2.0
1.49 0.25 0.18 1.92
1.48 0.25 0.15 1.88
2.0 0.0 0.9 2.9
1.99 0.0 0.77 2.76
1.95 0.0 0.66 2.6
1.89 0.0 0.55 2.45
1.82 0.0 0.46 2.29
1.75 0.0 0.38 2.13
1.68 0.0 0.32 1.99
1.61 0.0 0.26 1.87
1.55 0.0 0.21 1.77
1.51 0.0 0.18 1.69
1.5 0.0 0.15 1.65
-1.6 0.0 2.03 0.42
-1.8 0.0 2.02 0.22
-1.98 0.0 2.02 0.04
-2.15 0.0 2.02 -0.13
-2.29 0.0 2.01 -0.28
-2.41 0.0 2.0 -0.42
-2.51 0.0 1.98 -0.54
-2.59 0.0 1.95 -0.65
-2.65 0.0 1.91 -0.74
-2.69 0.0 1.86 -0.83
-2.7 0.0 1.8 -0.9
-1.6 -0.08 2.03 0.35
-1.8 -0.08 2.03 0.15
-1.98 -0.08 2.03 -0.04
-2.15 -0.08 2.03 -0.21
-2.29 -0.08 2.02 -0.36
-2.42 -0.08 2.0 -0.5
-2.52 -0.08 1.98 -0.62
-2.6 -0.08 1.95 -0.73
-2.66 -0.08 1.91 -0.83
-2.7 -0.08 1.86 -0.91
-2.71 -0.08 1.8 -0.99
-1.59 -0.14 2.05 0.31
-1.8 -0.14 2.05 0.1
-1.99 -0.14 2.05 -0.09
-2.16 -0.14 2.04 -0.26
-2.31 -0.14 2.03 -0.42
-2.43 -0.14 2.02 -0.56
-2.54 -0.14 1.99 -0.69
-2.62 -0.14 1.96 -0.8
-2.68 -0.14 1.92 -0.91
-2.72 -0.14 1.87 -1.0
-2.73 -0.14 1.8 -1.08
-1.58 -0.19 2.07 0.31
-1.8 -0.19 2.07 0.09
-2.0 -0.19 2.07 -0.11
-2.17 -0.19 2.07 -0.29
-2.33 -0.19 2.06 -0.46
-2.46 -0.19 2.04 -0.61
-2.57 -0.19 2.01 -0.74
-2.65 -0.19 1.98 -0.86
-2.71 -0.19 1.93 -0.97
-2.75 -0.19 1.87 -1.07
-2.76 -0.19 1.8 -1.15
-1.56 -0.22 2.1 0.32
-1.8 -0.22 2.1 0.09
-2.0 -0.22 2.1 -0.12
-2.19 -0.22 2.1 -0.31
-2.35 -0.22 2.08 -0.48
-2.49 -0.22 2.07 -0.64
-2.6 -0.22 2.04 -0.78
-2.69 -0.22 2.0 -0.91
-2.75 -0.22 1.95 -1.02
-2.79 -0.22 1.88 -1.13
-2.81 -0.22 1.8 -1.22
-1.55 -0.22 2.14 0.36
-1.79 -0.23 2.14 0.12
-2.01 -0.23 2.13 -0.1
-2.21 -0.22 2.13 -0.3
-2.37 -0.22 2.12 -0.48
-2.52 -0.22 2.1 -0.65
-2.64 -0.23 2.06 -0.8
-2.73 -0.22 2.02 -0.93
-2.8 -0.22 1.96 -1.06
-2.84 -0.22 1.89 -1.17
-2.85 -0.22 1.8 -1.28
-1.54 -0.22 2.17 0.42
-1.79 -0.22 2.17 0.16
-2.02 -0.22 2.17 -0.07
-2.22 -0.22 2.16 -0.28
-2.4 -0.22 2.15 -0.47
-2.55 -0.22 2.12 -0.64
-2.67 -0.22 2.09 -0.8
-2.77 -0.22 2.04 -0.94
-2.84 -0.22 1.98 -1.07
-2.88 -0.22 1.9 -1.2
-2.89 -0.22 1.8 -1.31
-1.52 -0.19 2.2 0.49
-1.79 -0.19 2.2 0.22
-2.03 -0.19 2.2 -0.02
-2.24 -0.19 2.19 -0.24
-2.42 -0.19 2.18 -0.44
-2.58 -0.19 2.15 -0.62
-2.71 -0.19 2.11 -0.78
-2.81 -0.19 2.06 -0.93
-2.88 -0.19 2.0 -1.07
-2.92 -0.19 1.91 -1.2
-2.94 -0.19 1.8 -1.32
-1.51 -0.14 2.23 0.57
-1.79 -0.14 2.23 0.3
-2.03 -0.14 2.22 0.05
-2.25 -0.14 2.22 -0.18
-2.44 -0.14 2.2 -0.39
-2.6 -0.14 2.17 -0.57
-2.73 -0.14 2.13 -0.74
-2.84 -0.14 2.08 -0.9
-2.91 -0.14 2.01 -1.05
-2.95 -0.14 1.92 -1.18
-2.97 -0.14 1.8 -1.31
-1.5 -0.08 2.24 0.66
-1.79 -0.08 2.24 0.38
-2.04 -0.08 2.24 0.12
-2.26 -0.08 2.23 -0.11
-2.46 -0.08 2.22 -0.32
-2.62 -0.08 2.19 -0.51
-2.75 -0.08 2.15 -0.69
-2.86 -0.08 2.09 -0.85
-2.93 -0.08 2.02 -1.0
-2.98 -0.08 1.92 -1.14
-2.99 -0.08 1.8 -1.27
-1.5 0.0 2.25 0.75
-1.78 0.0 2.25 0.46
-2.04 0.0 2.25 0.21
-2.26 0.0 2.24 -0.03
-2.46 0.0 2.22 -0.24
-2.62 0.0 2.19 -0.43
-2.76 0.0 2.15 -0.61
-2.86 0.0 2.1 -0.77
-2.94 0.0 2.02 -0.92
-2.98 0.0 1.92 -1.06
-3.0 0.0 1.8 -1.2
-1.5 0.0 2.25 0.75
-1.79 0.0 2.25 0.46
-2.04 0.0 2.25 0.21
-2.27 0.0 2.24 -0.03
-2.46 0.0 2.22 -0.24
-2.63 0.0 2.19 -0.43
-2.76 0.0 2.15 -0.61
-2.86 0.0 2.1 -0.77
-2.94 0.0 2.02 -0.92
-2.99 0.0 1.92 -1.06
-3.0 0.0 1.8 -1.2
-1.5 0.08 2.24 0.82
-1.79 0.08 2.24 0.54
-2.04 0.08 2.24 0.28
-2.26 0.08 2.23 0.05
-2.46 0.08 2.22 -0.16
-2.62 0.08 2.19 -0.35
-2.75 0.08 2.15 -0.52
-2.86 0.08 2.09 -0.68
-2.93 0.08 2.02 -0.83
-2.98 0.08 1.92 -0.98
-2.99 0.08 1.8 -1.11
-1.51 0.14 2.23 0.86
-1.79 0.14 2.23 0.58
-2.03 0.14 2.22 0.33
-2.25 0.14 2.22 0.11
-2.44 0.14 2.2 -0.1
-2.6 0.14 2.17 -0.29
-2.73 0.14 2.13 -0.46
-2.84 0.14 2.08 -0.61
-2.91 0.14 2.01 -0.76
-2.95 0.14 1.92 -0.89
-2.97 0.14 1.8 -1.02
-1.52 0.19 2.2 0.87
-1.79 0.19 2.2 0.6
-2.03 0.19 2.2 0.36
-2.24 0.19 2.19 0.14
-2.42 0.19 2.18 -0.06
-2.58 0.19 2.15 -0.24
-2.71 0.19 2.11 -0.4
-2.81 0.19 2.06 -0.55
-2.88 0.19 2.0 -0.69
-2.92 0.19 1.91 -0.82
-2.94 0.19 1.8 -0.95
-1.54 0.22 2.17 0.85
-1.79 0.22 2.17 0.6
-2.02 0.22 2.17 0.36
-2.22 0.22 2.16 0.15
-2.4 0.22 2.15 -0.04
-2.55 0.22 2.12 -0.21
-2.67 0.22 2.09 -0.37
-2.77 0.22 2.04 -0.51
-2.84 0.22 1.98 -0.64
-2.88 0.22 1.9 -0.76
-2.89 0.22 1.8 -0.88
-1.55 0.22 2.14 0.81
-1.79 0.23 2.14 0.57
-2.01 0.23 2.13 0.35
-2.21 0.22 2.13 0.15
-2.37 0.22 2.12 -0.03
-2.52 0.22 2.1 -0.2
-2.64 0.23 2.06 -0.35
-2.73 0.22 2.02 -0.48
-2.8 0.22 1.96 -0.61
-2.84 0.22 1.89 -0.72
-2.85 0.22 1.8 -0.82
-1.56 0.22 2.1 0.76
-1.8 0.22 2.1 0.52
-2.0 0.22 2.1 0.31
-2.19 0.22 2.1 0.12
-2.35 0.22 2.08 -0.05
-2.49 0.22 2.07 -0.21
-2.6 0.22 2.04 -0.35
-2.69 0.22 2.0 -0.47
-2.75 0.22 1.95 -0.59
-2.79 0.22 1.88 -0.69
-2.81 0.22 1.8 -0.79
-1.58 0.19 2.07 0.68
-1.8 0.19 2.07 0.46
-2.0 0.19 2.07 0.26
-2.17 0.19 2.07 0.08
-2.33 0.19 2.06 -0.08
-2.46 0.19 2.04 -0.23
-2.57 0.19 2.01 -0.36
-2.65 0.19 1.98 -0.48
-2.71 0.19 1.93 -0.59
-2.75 0.19 1.87 -0.69
-2.76 0.19 1.8 -0.78
-1.59 0.14 2.05 0.6
-1.8 0.14 2.05 0.39
-1.99 0.14 2.05 0.2
-2.16 0.14 2.04 0.03
-2.31 0.14 2.03 -0.13
-2.43 0.14 2.02 -0.27
-2.54 0.14 1.99 -0.4
-2.62 0.14 1.96 -0.52
-2.68 0.14 1.92 -0.62
-2.72 0.14 1.87 -0.71
-2.73 0.14 1.8 -0.79
-1.6 0.08 2.03 0.52
-1.8 0.08 2.03 0.31
-1.98 0.08 2.03 0.13
-2.15 0.08 2.03 -0.04
-2.29 0.08 2.02 -0.2
-2.42 0.08 2.0 -0.34
-2.52 0.08 1.98 -0.46
-2.6 0.08 1.95 -0.57
-2.66 0.08 1.91 -0.67
-2.7 0.08 1.86 -0.75
-2.71 0.08 1.8 -0.83
-1.6 0.0 2.02 0.42
-1.8 0.0 2.02 0.22
-1.98 0.0 2.02 0.04
-2.15 0.0 2.02 -0.13
-2.29 0.0 2.01 -0.28
-2.41 0.0 2.0 -0.42
-2.51 0.0 1.98 -0.54
-2.59 0.0 1.95 -0.65
-2.65 0.0 1.91 -0.74
-2.69 0.0 1.86 -0.83
-2.7 0.0 1.8 -0.9
-2.7 0.0 1.8 -0.9
-2.69 0.0 1.73 -0.97
-2.68 0.0 1.64 -1.03
-2.64 0.0 1.55 -1.09
-2.6 0.0 1.45 -1.15
-2.54 0.0 1.35 -1.19
-2.46 0.0 1.25 -1.21
-2.37 0.0 1.15 -1.22
-2.26 0.0 1.06 -1.21
-2.14 0.0 0.97 -1.17
-2.0 0.0 0.9 -1.1
-2.71 -0.08 1.8 -0.99
-2.7 -0.08 1.72 -1.06
-2.68 -0.08 1.64 -1.13
-2.65 -0.08 1.54 -1.19
-2.6 -0.08 1.45 -1.24
-2.54 -0.08 1.34 -1.28
-2.47 -0.08 1.24 -1.3
-2.37 -0.08 1.14 -1.31
-2.27 -0.08 1.05 -1.3
-2.14 -0.08 0.97 -1.26
-2.0 -0.08 0.89 -1.19
-2.73 -0.14 1.8 -1.08
-2.72 -0.14 1.72 -1.15
-2.7 -0.14 1.63 -1.22
-2.67 -0.14 1.53 -1.28
-2.62 -0.14 1.43 -1.33
-2.56 -0.14 1.33 -1.37
-2.48 -0.14 1.23 -1.39
-2.38 -0.14 1.13 -1.4
-2.27 -0.14 1.03 -1.38
-2.14 -0.14 0.95 -1.34
-1.99 -0.14 0.87 -1.26
-2.76 -0.19 1.8 -1.15
-2.76 -0.19 1.71 -1.23
-2.74 -0.19 1.62 -1.31
-2.7 -0.19 1.52 -1.37
-2.65 -0.19 1.41 -1.42
-2.58 -0.19 1.31 -1.46
-2.49 -0.19 1.2 -1.48
-2.39 -0.19 1.1 -1.48
-2.27 -0.19 1.01 -1.46
-2.14 -0.19 0.92 -1.41
-1.98 -0.19 0.84 -1.33
-2.81 -0.22 1.8 -1.22
-2.8 -0.22 1.71 -1.31
-2.77 -0.22 1.6 -1.39
-2.74 -0.22 1.5 -1.45
-2.68 -0.22 1.39 -1.5
-2.61 -0.22 1.28 -1.54
-2.51 -0.22 1.18 -1.56
-2.41 -0.22 1.07 -1.55
-2.28 -0.22 0.97 -1.52
-2.13 -0.22 0.88 -1.47
-1.96 -0.22 0.79 -1.39
-2.85 -0.22 1.8 -1.28
-2.84 -0.23 1.7 -1.37
-2.82 -0.23 1.59 -1.45
-2.77 -0.22 1.48 -1.52
-2.71 -0.22 1.37 -1.57
-2.63 -0.22 1.25 -1.61
-2.54 -0.23 1.14 -1.62
-2.42 -0.22 1.04 -1.61
-2.28 -0.22 0.93 -1.57
-2.13 -0.22 0.84 -1.51
-1.95 -0.22 0.75 -1.43
-2.89 -0.22 1.8 -1.31
-2.89 -0.22 1.69 -1.41
-2.86 -0.22 1.57 -1.5
-2.81 -0.22 1.46 -1.57
-2.75 -0.22 1.34 -1.62
-2.66 -0.22 1.23 -1.65
-2.56 -0.22 1.11 -1.66
-2.43 -0.22 1.0 -1.65
-2.29 -0.22 0.9 -1.61
-2.12 -0.22 0.8 -1.54
-1.94 -0.22 0.71 -1.45
-2.94 -0.19 1.8 -1.32
-2.93 -0.19 1.68 -1.44
-2.9 -0.19 1.56 -1.53
-2.85 -0.19 1.44 -1.6
-2.78 -0.19 1.32 -1.65
-2.69 -0.19 1.2 -1.68
-2.58 -0.19 1.08 -1.68
-2.45 -0.19 0.97 -1.66
-2.29 -0.19 0.86 -1.62
-2.12 -0.19 0.76 -1.55
-1.92 -0.19 0.66 -1.45
-2.97 -0.14 1.8 -1.31
-2.96 -0.14 1.67 -1.43
-2.93 -0.14 1.55 -1.53
-2.88 -0.14 1.42 -1.6
-2.8 -0.14 1.3 -1.65
-2.71 -0.14 1.18 -1.68
-2.6 -0.14 1.06 -1.68
-2.46 -0.14 0.95 -1.66
-2.3 -0.14 0.84 -1.61
-2.12 -0.14 0.73 -1.53
-1.91 -0.14 0.63 -1.42
-2.99 -0.08 1.8 -1.27
-2.98 -0.08 1.67 -1.39
-2.95 -0.08 1.54 -1.49
-2.9 -0.08 1.41 -1.57
-2.82 -0.08 1.29 -1.62
-2.73 -0.08 1.16 -1.64
-2.61 -0.08 1.04 -1.64
-2.47 -0.08 0.93 -1.62
-2.3 -0.08 0.82 -1.56
-2.11 -0.08 0.71 -1.48
-1.9 -0.08 0.61 -1.38
-3.0 0.0 1.8 -1.2
-2.99 0.0 1.67 -1.32
-2.96 0.0 1.53 -1.42
-2.9 0.0 1.41 -1.5
-2.83 0.0 1.28 -1.55
-2.73 0.0 1.16 -1.57
-2.61 0.0 1.04 -1.57
-2.47 0.0 0.92 -1.55
-2.3 0.0 0.81 -1.49
-2.11 0.0 0.7 -1.41
-1.9 0.0 0.6 -1.3
-3.0 0.0 1.8 -1.2
-2.99 0.0 1.67 -1.32
-2.96 0.0 1.53 -1.42
-2.9 0.0 1.41 -1.5
-2.83 0.0 1.28 -1.55
-2.73 0.0 1.16 -1.57
-2.61 0.0 1.04 -1.57
-2.47 0.0 0.92 -1.55
-2.3 0.0 0.81 -1.49
-2.11 0.0 0.7 -1.41
-1.9 0.0 0.6 -1.3
-2.99 0.08 1.8 -1.11
-2.98 0.08 1.67 -1.23
-2.95 0.08 1.54 -1.33
-2.9 0.08 1.41 -1.41
-2.82 0.08 1.29 -1.46
-2.73 0.08 1.16 -1.48
-2.61 0.08 1.04 -1.48
-2.47 0.08 0.93 -1.46
-2.3 0.08 0.82 -1.4
-2.11 0.08 0.71 -1.32
-1.9 0.08 0.61 -1.21
-2.97 0.14 1.8 -1.02
-2.96 0.14 1.67 -1.14
-2.93 0.14 1.55 -1.24
-2.88 0.14 1.42 -1.31
-2.8 0.14 1.3 -1.36
-2.71 0.14 1.18 -1.39
-2.6 0.14 1.06 -1.39
-2.46 0.14 0.95 -1.37
-2.3 0.14 0.84 -1.32
-2.12 0.14 0.73 -1.24
-1.91 0.14 0.63 -1.14
-2.94 0.19 1.8 -0.95
-2.93 0.19 1.68 -1.06
-2.9 0.19 1.56 -1.15
-2.85 0.19 1.44 -1.22
-2.78 0.19 1.32 -1.27
-2.69 0.19 1.2 -1.3
-2.58 0.19 1.08 -1.31
-2.45 0.19 0.97 -1.29
-2.29 0.19 0.86 -1.24
-2.12 0.19 0.76 -1.17
-1.92 0.19 0.66 -1.07
-2.89 0.22 1.8 -0.88
-2.89 0.22 1.69 -0.98
-2.86 0.22 1.57 -1.07
-2.81 0.22 1.46 -1.14
-2.75 0.22 1.34 -1.19
-2.66 0.22 1.23 -1.22
-2.56 0.22 1.11 -1.23
-2.43 0.22 1.0 -1.22
-2.29 0.22 0.9 -1.17
-2.12 0.22 0.8 -1.11
-1.94 0.22 0.71 -1.01
-2.85 0.22 1.8 -0.82
-2.84 0.23 1.7 -0.92
-2.82 0.23 1.59 -1.0
-2.77 0.22 1.48 -1.07
-2.71 0.22 1.37 -1.12
-2.63 0.22 1.25 -1.16
-2.54 0.23 1.14 -1.17
-2.42 0.22 1.04 -1.16
-2.28 0.22 0.93 -1.12
-2.13 0.22 0.84 -1.06
-1.95 0.22 0.75 -0.98
-2.81 0.22 1.8 -0.79
-2.8 0.22 1.71 -0.88
-2.77 0.22 1.6 -0.95
-2.74 0.22 1.5 -1.02
-2.68 0.22 1.39 -1.07
-2.61 0.22 1.28 -1.11
-2.51 0.22 1.18 -1.12
-2.41 0.22 1.07 -1.12
-2.28 0.22 0.97 -1.09
-2.13 0.22 0.88 -1.04
-1.96 0.22 0.79 -0.95
-2.76 0.19 1.8 -0.78
-2.76 0.19 1.71 -0.86
-2.74 0.19 1.62 -0.93
-2.7 0.19 1.52 -0.99
-2.65 0.19 1.41 -1.04
-2.58 0.19 1.31 -1.08
-2.49 0.19 1.2 -1.1
-2.39 0.19 1.1 -1.1
-2.27 0.19 1.01 -1.08
-2.14 0.19 0.92 -1.03
-1.98 0.19 0.84 -0.95
-2.73 0.14 1.8 -0.79
-2.72 0.14 1.72 -0.86
-2.7 0.14 1.63 -0.93
-2.67 0.14 1.53 -0.99
-2.62 0.14 1.43 -1.04
-2.56 0.14 1.33 -1.08
-2.48 0.14 1.23 -1.11
-2.38 0.14 1.13 -1.11
-2.27 0.14 1.03 -1.09
-2.14 0.14 0.95 -1.05
-1.99 0.14 0.87 -0.98
-2.71 0.08 1.8 -0.83
-2.7 0.08 1.72 -0.9
-2.68 0.08 1.64 -0.96
-2.65 0.08 1.54 -1.02
-2.6 0.08 1.45 -1.08
-2.54 0.08 1.34 -1.12
-2.47 0.08 1.24 -1.14
-2.37 0.08 1.14 -1.15
-2.27 0.08 1.05 -1.13
-2.14 0.08 0.97 -1.09
-2.0 0.08 0.89 -1.02
-2.7 0.0 1.8 -0.9
-2.69 0.0 1.73 -0.97
-2.68 0.0 1.64 -1.03
-2.64 0.0 1.55 -1.09
-2.6 0.0 1.45 -1.15
-2.54 0.0 1.35 -1.19
-2.46 0.0 1.25 -1.21
-2.37 0.0 1.15 -1.22
-2.26 0.0 1.06 -1.21
-2.14 0.0 0.97 -1.17
-2.0 0.0 0.9 -1.1
1.7 0.0 1.43 3.13
1.94 0.0 1.44 3.38
2.11 0.0 1.5 3.61
2.24 0.0 1.58 3.82
2.33 0.0 1.68 4.01
2.39 0.0 1.8 4.19
2.43 0.0 1.93 4.36
2.48 0.0 2.06 4.53
2.53 0.0 2.18 4.71
2.6 0.0 2.3 4.9
2.7 0.0 2.4 5.1
1.7 -0.18 1.4 2.92
1.94 -0.18 1.42 3.19
2.12 -0.17 1.48 3.43
2.24 -0.15 1.56 3.65
2.33 -0.14 1.67 3.86
2.4 -0.12 1.79 4.06
2.44 -0.11 1.92 4.26
2.49 -0.09 2.05 4.45
2.54 -0.08 2.18 4.64
2.61 -0.07 2.3 4.84
2.72 -0.07 2.4 5.05
1.7 -0.32 1.34 2.72
1.95 -0.31 1.37 3.0
2.13 -0.3 1.43 3.27
2.26 -0.27 1.52 3.51
2.36 -0.25 1.63 3.74
2.42 -0.22 1.76 3.96
2.47 -0.19 1.9 4.18
2.51 -0.16 2.04 4.39
2.57 -0.14 2.17 4.6
2.65 -0.13 2.3 4.82
2.76 -0.12 2.4 5.04
1.7 -0.42 1.25 2.53
1.96 -0.41 1.28 2.84
2.16 -0.39 1.36 3.12
2.29 -0.36 1.46 3.39
2.39 -0.32 1.58 3.64
2.45 -0.29 1.72 3.89
2.5 -0.25 1.87 4.13
2.55 -0.21 2.02 4.36
2.61 -0.18 2.16 4.59
2.7 -0.16 2.29 4.83
2.83 -0.16 2.4 5.07
1.7 -0.48 1.13 2.36
1.98 -0.47 1.18 2.69
2.18 -0.44 1.27 3.0
2.33 -0.41 1.38 3.3
2.43 -0.37 1.52 3.57
2.49 -0.33 1.67 3.84
2.55 -0.28 1.84 4.1
2.6 -0.24 2.0 4.35
2.67 -0.21 2.15 4.61
2.77 -0.19 2.29 4.87
2.91 -0.18 2.4 5.13
1.7 -0.5 1.01 2.22
2.0 -0.49 1.07 2.58
2.21 -0.46 1.17 2.92
2.37 -0.43 1.3 3.23
2.47 -0.39 1.45 3.53
2.54 -0.34 1.62 3.82
2.59 -0.3 1.8 4.1
2.65 -0.25 1.97 4.37
2.73 -0.22 2.14 4.64
2.84 -0.2 2.28 4.92
3.0 -0.19 2.4 5.21
1.7 -0.48 0.89 2.12
2.02 -0.47 0.96 2.51
2.24 -0.44 1.07 2.87
2.4 -0.41 1.21 3.21
2.51 -0.37 1.38 3.52
2.58 -0.33 1.57 3.82
2.64 -0.28 1.76 4.12
2.7 -0.24 1.95 4.4
2.78 -0.21 2.12 4.7
2.91 -0.19 2.28 5.0
3.09 -0.18 2.4 5.31
1.7 -0.42 0.78 2.06
2.03 -0.41 0.86 2.48
2.27 -0.39 0.98 2.86
2.44 -0.36 1.14 3.22
2.55 -0.32 1.32 3.54
2.62 -0.29 1.52 3.86
2.68 -0.25 1.72 4.16
2.75 -0.21 1.92 4.46
2.84 -0.18 2.11 4.76
2.97 -0.16 2.27 5.08
3.17 -0.16 2.4 5.41
1.7 -0.32 0.69 2.07
2.05 -0.31 0.77 2.51
2.3 -0.3 0.91 2.91
2.47 -0.27 1.08 3.27
2.58 -0.25 1.27 3.6
2.66 -0.22 1.48 3.92
2.72 -0.19 1.7 4.23
2.79 -0.16 1.91 4.53
2.88 -0.14 2.1 4.84
3.02 -0.13 2.27 5.17
3.24 -0.12 2.4 5.52
1.7 -0.18 0.62 2.14
2.06 -0.18 0.72 2.6
2.31 -0.17 0.86 3.0
2.49 -0.15 1.03 3.36
2.6 -0.14 1.24 3.7
2.68 -0.12 1.45 4.01
2.74 -0.11 1.68 4.31
2.81 -0.09 1.89 4.61
2.91 -0.08 2.09 4.93
3.06 -0.07 2.27 5.26
3.28 -0.07 2.4 5.62
1.7 0.0 0.6 2.3
2.06 0.0 0.69 2.76
2.32 0.0 0.84 3.16
2.49 0.0 1.02 3.51
2.61 0.0 1.22 3.83
2.69 0.0 1.44 4.13
2.75 0.0 1.67 4.42
2.82 0.0 1.89 4.71
2.92 0.0 2.09 5.01
3.07 0.0 2.26 5.34
3.3 0.0 2.4 5.7
1.7 0.0 0.6 2.3
2.06 0.0 0.69 2.76
2.32 0.0 0.84 3.16
2.49 0.0 1.02 3.51
2.61 0.0 1.22 3.83
2.69 0.0 1.44 4.13
2.75 0.0 1.67 4.42
2.82 0.0 1.89 4.71
2.92 0.0 2.09 5.01
3.07 0.0 2.26 5.34
3.3 0.0 2.4 5.7
1.7 0.18 0.62 2.5
2.06 0.18 0.72 2.95
2.31 0.17 0.86 3.33
2.49 0.15 1.03 3.67
2.6 0.14 1.24 3.98
2.68 0.12 1.45 4.26
2.74 0.11 1.68 4.53
2.81 0.09 1.89 4.8
2.91 0.08 2.09 5.08
3.06 0.07 2.27 5.4
3.28 0.07 2.4 5.75
1.7 0.32 0.69 2.7
2.05 0.31 0.77 3.13
2.3 0.3 0.91 3.5
2.47 0.27 1.08 3.82
2.58 0.25 1.27 4.1
2.66 0.22 1.48 4.36
2.72 0.19 1.7 4.6
2.79 0.16 1.91 4.85
2.88 0.14 2.1 5.12
3.02 0.13 2.27 5.42
3.24 0.12 2.4 5.76
1.7 0.42 0.78 2.89
2.03 0.41 0.86 3.3
2.27 0.39 0.98 3.64
2.44 0.36 1.14 3.94
2.55 0.32 1.32 4.19
2.62 0.29 1.52 4.43
2.68 0.25 1.72 4.66
2.75 0.21 1.92 4.89
2.84 0.18 2.11 5.13
2.97 0.16 2.27 5.41
3.17 0.16 2.4 5.73
1.7 0.48 0.89 3.07
2.02 0.47 0.96 3.44
2.24 0.44 1.07 3.76
2.4 0.41 1.21 4.03
2.51 0.37 1.38 4.26
2.58 0.33 1.57 4.48
2.64 0.28 1.76 4.68
2.7 0.24 1.95 4.89
2.78 0.21 2.12 5.12
2.91 0.19 2.28 5.37
3.09 0.18 2.4 5.67
1.7 0.5 1.01 3.21
2.0 0.49 1.07 3.55
2.21 0.46 1.17 3.85
2.37 0.43 1.3 4.09
2.47 0.39 1.45 4.31
2.54 0.34 1.62 4.5
2.59 0.3 1.8 4.69
2.65 0.25 1.97 4.88
2.73 0.22 2.14 5.08
2.84 0.2 2.28 5.31
3.0 0.19 2.4 5.59
1.7 0.48 1.13 3.31
1.98 0.47 1.18 3.63
2.18 0.44 1.27 3.89
2.33 0.41 1.38 4.12
2.43 0.37 1.52 4.32
2.49 0.33 1.67 4.5
2.55 0.28 1.84 4.67
2.6 0.24 2.0 4.84
2.67 0.21 2.15 5.03
2.77 0.19 2.29 5.24
2.91 0.18 2.4 5.49
1.7 0.42 1.25 3.36
1.96 0.41 1.28 3.65
2.16 0.39 1.36 3.9
2.29 0.36 1.46 4.11
2.39 0.32 1.58 4.29
2.45 0.29 1.72 4.46
2.5 0.25 1.87 4.62
2.55 0.21 2.02 4.79
2.61 0.18 2.16 4.96
2.7 0.16 2.29 5.16
2.83 0.16 2.4 5.39
1.7 0.32 1.34 3.36
1.95 0.31 1.37 3.63
2.13 0.3 1.43 3.86
2.26 0.27 1.52 4.06
2.36 0.25 1.63 4.24
2.42 0.22 1.76 4.4
2.47 0.19 1.9 4.56
2.51 0.16 2.04 4.72
2.57 0.14 2.17 4.88
2.65 0.13 2.3 5.07
2.76 0.12 2.4 5.28
1.7 0.18 1.4 3.28
1.94 0.18 1.42 3.54
2.12 0.17 1.48 3.76
2.24 0.15 1.56 3.96
2.33 0.14 1.67 4.14
2.4 0.12 1.79 4.31
2.44 0.11 1.92 4.47
2.49 0.09 2.05 4.63
2.54 0.08 2.18 4.8
2.61 0.07 2.3 4.98
2.72 0.07 2.4 5.18
1.7 0.0 1.42 3.13
1.94 0.0 1.44 3.38
2.11 0.0 1.5 3.61
2.24 0.0 1.58 3.82
2.33 0.0 1.68 4.01
2.39 0.0 1.8 4.19
2.43 0.0 1.93 4.36
2.48 0.0 2.06 4.53
2.53 0.0 2.18 4.71
2.6 0.0 2.3 4.9
2.7 0.0 2.4 5.1
2.7 0.0 2.4 5.1
2.73 0.0 2.42 5.15
2.76 0.0 2.44 5.19
2.78 0.0 2.45 5.23
2.81 0.0 2.45 5.26
2.82 0.0 2.46 5.28
2.84 0.0 2.45 5.29
2.84 0.0 2.45 5.29
2.84 0.0 2.44 5.27
2.82 0.0 2.42 5.24
2.8 0.0 2.4 5.2
2.72 -0.07 2.4 5.05
2.75 -0.07 2.42 5.1
2.78 -0.06 2.44 5.15
2.8 -0.06 2.45 5.19
2.82 -0.06 2.45 5.22
2.84 -0.05 2.46 5.24
2.85 -0.05 2.45 5.26
2.86 -0.05 2.45 5.26
2.85 -0.04 2.44 5.24
2.84 -0.04 2.42 5.22
2.81 -0.04 2.4 5.17
2.76 -0.12 2.4 5.04
2.8 -0.12 2.42 5.1
2.83 -0.12 2.44 5.15
2.85 -0.11 2.45 5.19
2.87 -0.1 2.46 5.23
2.89 -0.1 2.46 5.25
2.9 -0.09 2.46 5.26
2.9 -0.08 2.45 5.26
2.89 -0.08 2.44 5.25
2.87 -0.07 2.42 5.22
2.84 -0.07 2.4 5.17
2.83 -0.16 2.4 5.07
2.87 -0.16 2.42 5.13
2.9 -0.15 2.44 5.18
2.92 -0.14 2.45 5.23
2.94 -0.14 2.46 5.27
2.96 -0.13 2.46 5.29
2.96 -0.12 2.46 5.3
2.96 -0.11 2.45 5.3
2.94 -0.1 2.44 5.28
2.92 -0.1 2.42 5.25
2.89 -0.09 2.4 5.19
2.91 -0.18 2.4 5.13
2.95 -0.18 2.42 5.2
2.98 -0.17 2.44 5.25
3.01 -0.16 2.45 5.3
3.03 -0.15 2.46 5.33
3.04 -0.14 2.46 5.36
3.04 -0.13 2.46 5.37
3.03 -0.12 2.45 5.36
3.01 -0.12 2.44 5.34
2.98 -0.11 2.42 5.29
2.94 -0.11 2.4 5.23
3.0 -0.19 2.4 5.21
3.04 -0.19 2.42 5.28
3.08 -0.18 2.44 5.34
3.1 -0.17 2.45 5.39
3.12 -0.16 2.46 5.42
3.13 -0.15 2.47 5.44
3.12 -0.14 2.46 5.45
3.11 -0.13 2.46 5.44
3.08 -0.12 2.44 5.41
3.05 -0.11 2.43 5.36
3.0 -0.11 2.4 5.29
3.09 -0.18 2.4 5.31
3.14 -0.18 2.42 5.38
3.17 -0.17 2.44 5.44
3.2 -0.16 2.46 5.49
3.21 -0.15 2.47 5.52
3.22 -0.14 2.47 5.54
3.21 -0.13 2.47 5.54
3.19 -0.12 2.46 5.52
3.16 -0.12 2.45 5.49
3.11 -0.11 2.43 5.43
3.06 -0.11 2.4 5.35
3.17 -0.16 2.4 5.41
3.22 -0.16 2.42 5.49
3.26 -0.15 2.44 5.55
3.29 -0.14 2.46 5.6
3.3 -0.14 2.47 5.63
3.3 -0.13 2.47 5.64
3.28 -0.12 2.47 5.64
3.26 -0.11 2.46 5.61
3.22 -0.1 2.45 5.57
3.17 -0.1 2.43 5.5
3.11 -0.09 2.4 5.42
3.24 -0.12 2.4 5.52
3.29 -0.12 2.43 5.6
3.33 -0.12 2.45 5.66
3.36 -0.11 2.46 5.71
3.37 -0.1 2.47 5.74
3.37 -0.1 2.48 5.74
3.35 -0.09 2.47 5.73
3.32 -0.08 2.47 5.7
3.28 -0.08 2.45 5.65
3.22 -0.07 2.43 5.58
3.16 -0.07 2.4 5.49
3.28 -0.07 2.4 5.62
3.34 -0.07 2.43 5.7
3.38 -0.06 2.45 5.76
3.41 -0.06 2.46 5.81
3.42 -0.06 2.47 5.83
3.41 -0.05 2.48 5.83
3.39 -0.05 2.47 5.82
3.36 -0.05 2.47 5.78
3.31 -0.04 2.45 5.72
3.26 -0.04 2.43 5.65
3.19 -0.04 2.4 5.55
3.3 0.0 2.4 5.7
3.36 0.0 2.43 5.78
3.4 0.0 2.45 5.85
3.42 0.0 2.46 5.89
3.43 0.0 2.47 5.91
3.43 0.0 2.48 5.91
3.41 0.0 2.48 5.88
3.37 0.0 2.47 5.84
3.33 0.0 2.45 5.78
3.27 0.0 2.43 5.7
3.2 0.0 2.4 5.6
3.3 0.0 2.4 5.7
3.36 0.0 2.43 5.78
3.4 0.0 2.45 5.85
3.42 0.0 2.46 5.89
3.43 0.0 2.47 5.91
3.43 0.0 2.48 5.91
3.41 0.0 2.48 5.88
3.37 0.0 2.47 5.84
3.33 0.0 2.45 5.78
3.27 0.0 2.43 5.7
3.2 0.0 2.4 5.6
3.28 0.07 2.4 5.75
3.34 0.07 2.43 5.83
3.38 0.06 2.45 5.89
3.41 0.06 2.46 5.93
3.42 0.06 2.47 5.95
3.41 0.05 2.48 5.94
3.39 0.05 2.47 5.92
3.36 0.05 2.47 5.87
3.31 0.04 2.45 5.81
3.26 0.04 2.43 5.73
3.19 0.04 2.4 5.63
3.24 0.12 2.4 5.76
3.29 0.12 2.43 5.84
3.33 0.12 2.45 5.89
3.36 0.11 2.46 5.93
3.37 0.1 2.47 5.94
3.37 0.1 2.48 5.94
3.35 0.09 2.47 5.91
3.32 0.08 2.47 5.87
3.28 0.08 2.45 5.8
3.22 0.07 2.43 5.73
3.16 0.07 2.4 5.63
3.17 0.16 2.4 5.73
3.22 0.16 2.42 5.8
3.26 0.15 2.44 5.86
3.29 0.14 2.46 5.89
3.3 0.14 2.47 5.9
3.3 0.13 2.47 5.9
3.28 0.12 2.47 5.87
3.26 0.11 2.46 5.83
3.22 0.1 2.45 5.77
3.17 0.1 2.43 5.7
3.11 0.09 2.4 5.61
3.09 0.18 2.4 5.67
3.14 0.18 2.42 5.74
3.17 0.17 2.44 5.79
3.2 0.16 2.46 5.82
3.21 0.15 2.47 5.83
3.22 0.14 2.47 5.83
3.21 0.13 2.47 5.81
3.19 0.12 2.46 5.77
3.16 0.12 2.45 5.72
3.11 0.11 2.43 5.65
3.06 0.11 2.4 5.57
3.0 0.19 2.4 5.59
3.04 0.19 2.42 5.65
3.08 0.18 2.44 5.7
3.1 0.17 2.45 5.73
3.12 0.16 2.46 5.75
3.13 0.15 2.47 5.74
3.12 0.14 2.46 5.73
3.11 0.13 2.46 5.69
3.08 0.12 2.44 5.65
3.05 0.11 2.43 5.59
3.0 0.11 2.4 5.51
2.91 0.18 2.4 5.49
2.95 0.18 2.42 5.55
2.98 0.17 2.44 5.6
3.01 0.16 2.45 5.63
3.03 0.15 2.46 5.64
3.04 0.14 2.46 5.64
3.04 0.13 2.46 5.63
3.03 0.12 2.45 5.61
3.01 0.12 2.44 5.57
2.98 0.11 2.42 5.51
2.94 0.11 2.4 5.45
2.83 0.16 2.4 5.39
2.87 0.16 2.42 5.44
2.9 0.15 2.44 5.49
2.92 0.14 2.45 5.52
2.94 0.14 2.46 5.54
2.96 0.13 2.46 5.54
2.96 0.12 2.46 5.54
2.96 0.11 2.45 5.52
2.94 0.1 2.44 5.48
2.92 0.1 2.42 5.44
2.89 0.09 2.4 5.38
2.76 0.12 2.4 5.28
2.8 0.12 2.42 5.33
2.83 0.12 2.44 5.38
2.85 0.11 2.45 5.41
2.87 0.1 2.46 5.43
2.89 0.1 2.46 5.44
2.9 0.09 2.46 5.44
2.9 0.08 2.45 5.43
2.89 0.08 2.44 5.4
2.87 0.07 2.42 5.37
2.84 0.07 2.4 5.31
2.72 0.07 2.4 5.18
2.75 0.07 2.42 5.23
2.78 0.06 2.44 5.28
2.8 0.06 2.45 5.31
2.82 0.06 2.45 5.34
2.84 0.05 2.46 5.35
2.85 0.05 2.45 5.36
2.86 0.05 2.45 5.35
2.85 0.04 2.44 5.33
2.84 0.04 2.42 5.3
2.81 0.04 2.4 5.25
2.7 0.0 2.4 5.1
2.73 0.0 2.42 5.15
2.76 0.0 2.44 5.19
2.78 0.0 2.45 5.23
2.81 0.0 2.45 5.26
2.82 0.0 2.46 5.28
2.84 0.0 2.45 5.29
2.84 0.0 2.45 5.29
2.84 0.0 2.44 5.27
2.82 0.0 2.42 5.24
2.8 0.0 2.4 5.2
0.0 0.0 3.15 3.15
0.19 0.0 3.14 3.34
0.31 0.0 3.12 3.43
0.36 0.0 3.08 3.44
0.36 0.0 3.03 3.39
0.33 0.0 2.98 3.31
0.27 0.0 2.92 3.2
0.22 0.0 2.86 3.08
0.18 0.0 2.8 2.98
0.17 0.0 2.75 2.92
0.2 0.0 2.7 2.9
0.0 0.0 3.15 3.15
0.19 -0.03 3.14 3.3
0.3 -0.05 3.12 3.37
0.35 -0.06 3.08 3.38
0.35 -0.06 3.03 3.33
0.32 -0.05 2.98 3.25
0.27 -0.05 2.92 3.15
0.22 -0.04 2.86 3.04
0.18 -0.03 2.8 2.95
0.17 -0.03 2.75 2.89
0.2 -0.03 2.7 2.86
0.0 0.0 3.15 3.15
0.18 -0.06 3.14 3.26
0.29 -0.1 3.12 3.31
0.34 -0.11 3.08 3.31
0.34 -0.11 3.03 3.26
0.31 -0.1 2.98 3.19
0.26 -0.09 2.92 3.1
0.21 -0.07 2.86 3.0
0.17 -0.06 2.8 2.92
0.16 -0.05 2.75 2.85
0.19 -0.06 2.7 2.83
0.0 0.0 3.15 3.15
0.17 -0.09 3.14 3.22
0.27 -0.14 3.12 3.25
0.32 -0.17 3.08 3.23
0.32 -0.17 3.03 3.19
0.29 -0.15 2.98 3.12
0.24 -0.13 2.92 3.04
0.2 -0.1 2.86 2.96
0.16 -0.08 2.8 2.88
0.15 -0.08 2.75 2.82
0.18 -0.09 2.7 2.79
0.0 0.0 3.15 3.15
0.16 -0.12 3.14 3.18
0.25 -0.18 3.12 3.18
0.29 -0.21 3.08 3.16
0.29 -0.21 3.03 3.11
0.26 -0.19 2.98 3.05
0.22 -0.16 2.92 2.98
0.18 -0.13 2.86 2.91
0.15 -0.11 2.8 2.84
0.14 -0.1 2.75 2.79
0.16 -0.12 2.7 2.74
0.0 0.0 3.15 3.15
0.14 -0.14 3.14 3.14
0.22 -0.22 3.12 3.12
0.25 -0.25 3.08 3.08
0.25 -0.25 3.03 3.03
0.23 -0.23 2.98 2.98
0.19 -0.19 2.92 2.92
0.16 -0.16 2.86 2.86
0.13 -0.13 2.8 2.8
0.12 -0.12 2.75 2.75
0.14 -0.14 2.7 2.7
0.0 0.0 3.15 3.15
0.12 -0.16 3.14 3.1
0.18 -0.25 3.12 3.05
0.21 -0.29 3.08 3.0
0.21 -0.29 3.03 2.96
0.19 -0.26 2.98 2.91
0.16 -0.22 2.92 2.86
0.13 -0.18 2.86 2.82
0.11 -0.15 2.8 2.77
0.1 -0.14 2.75 2.71
0.12 -0.16 2.7 2.66
0.0 0.0 3.15 3.15
0.09 -0.17 3.14 3.06
0.14 -0.27 3.12 2.99
0.17 -0.32 3.08 2.93
0.17 -0.32 3.03 2.88
0.15 -0.29 2.98 2.84
0.13 -0.24 2.92 2.81
0.1 -0.2 2.86 2.77
0.08 -0.16 2.8 2.73
0.08 -0.15 2.75 2.68
0.09 -0.18 2.7 2.61
0.0 0.0 3.15 3.15
0.06 -0.18 3.14 3.02
0.1 -0.29 3.12 2.92
0.11 -0.34 3.08 2.86
0.11 -0.34 3.03 2.81
0.1 -0.31 2.98 2.78
0.09 -0.26 2.92 2.75
0.07 -0.21 2.86 2.72
0.06 -0.17 2.8 2.69
0.05 -0.16 2.75 2.64
0.06 -0.19 2.7 2.57
0.0 0.0 3.15 3.15
0.03 -0.19 3.14 2.98
0.05 -0.3 3.12 2.86
0.06 -0.35 3.08 2.79
0.06 -0.35 3.03 2.74
0.05 -0.32 2.98 2.71
0.05 -0.27 2.92 2.7
0.04 -0.22 2.86 2.68
0.03 -0.18 2.8 2.66
0.03 -0.17 2.75 2.61
0.03 -0.2 2.7 2.54
0.0 0.0 3.15 3.15
0.0 -0.19 3.14 2.95
0.0 -0.31 3.12 2.81
0.0 -0.36 3.08 2.72
0.0 -0.36 3.03 2.68
0.0 -0.33 2.98 2.66
0.0 -0.27 2.92 2.65
0.0 -0.22 2.86 2.64
0.0 -0.18 2.8 2.63
0.0 -0.17 2.75 2.58
0.0 -0.2 2.7 2.5
0.0 0.0 3.15 3.15
0.0 -0.19 3.14 2.95
0.0 -0.31 3.12 2.81
0.0 -0.36 3.08 2.72
0.0 -0.36 3.03 2.68
0.0 -0.33 2.98 2.66
0.0 -0.27 2.92 2.65
0.0 -0.22 2.86 2.64
0.0 -0.18 2.8 2.63
0.0 -0.17 2.75 2.58
0.0 -0.2 2.7 2.5
0.0 0.0 3.15 3.15
-0.03 -0.19 3.14 2.92
-0.05 -0.3 3.12 2.76
-0.06 -0.35 3.08 2.67
-0.06 -0.35 3.03 2.62
-0.05 -0.32 2.98 2.61
-0.05 -0.27 2.92 2.61
-0.04 -0.22 2.86 2.61
-0.03 -0.18 2.8 2.6
-0.03 -0.17 2.75 2.56
-0.03 -0.2 2.7 2.47
0.0 0.0 3.15 3.15
-0.06 -0.18 3.14 2.89
-0.1 -0.29 3.12 2.73
-0.11 -0.34 3.08 2.63
-0.11 -0.34 3.03 2.58
-0.1 -0.31 2.98 2.57
-0.09 -0.26 2.92 2.58
-0.07 -0.21 2.86 2.58
-0.06 -0.17 2.8 2.58
-0.05 -0.16 2.75 2.54
-0.06 -0.19 2.7 2.45
0.0 0.0 3.15 3.15
-0.09 -0.17 3.14 2.88
-0.14 -0.27 3.12 2.7
-0.17 -0.32 3.08 2.6
-0.17 -0.32 3.03 2.55
-0.15 -0.29 2.98 2.54
-0.13 -0.24 2.92 2.55
-0.1 -0.2 2.86 2.57
-0.08 -0.16 2.8 2.56
-0.08 -0.15 2.75 2.52
-0.09 -0.18 2.7 2.43
0.0 0.0 3.15 3.15
-0.12 -0.16 3.14 2.87
-0.18 -0.25 3.12 2.68
-0.21 -0.29 3.08 2.58
-0.21 -0.29 3.03 2.53
-0.19 -0.26 2.98 2.52
-0.16 -0.22 2.92 2.54
-0.13 -0.18 2.86 2.55
-0.11 -0.15 2.8 2.55
-0.1 -0.14 2.75 2.51
-0.12 -0.16 2.7 2.42
0.0 0.0 3.15 3.15
-0.14 -0.14 3.14 2.86
-0.22 -0.22 3.12 2.68
-0.25 -0.25 3.08 2.57
-0.25 -0.25 3.03 2.53
-0.23 -0.23 2.98 2.52
-0.19 -0.19 2.92 2.53
-0.16 -0.16 2.86 2.55
-0.13 -0.13 2.8 2.55
-0.12 -0.12 2.75 2.51
-0.14 -0.14 2.7 2.42
0.0 0.0 3.15 3.15
-0.16 -0.12 3.14 2.87
-0.25 -0.18 3.12 2.68
-0.29 -0.21 3.08 2.58
-0.29 -0.21 3.03 2.53
-0.26 -0.19 2.98 2.52
-0.22 -0.16 2.92 2.54
-0.18 -0.13 2.86 2.55
-0.15 -0.11 2.8 2.55
-0.14 -0.1 2.75 2.51
-0.16 -0.12 2.7 2.42
0.0 0.0 3.15 3.15
-0.17 -0.09 3.14 2.88
-0.27 -0.14 3.12 2.7
-0.32 -0.17 3.08 2.6
-0.32 -0.17 3.03 2.55
-0.29 -0.15 2.98 2.54
-0.24 -0.13 2.92 2.55
-0.2 -0.1 2.86 2.57
-0.16 -0.08 2.8 2.56
-0.15 -0.08 2.75 2.52
-0.18 -0.09 2.7 2.43
0.0 0.0 3.15 3.15
-0.18 -0.06 3.14 2.89
-0.29 -0.1 3.12 2.73
-0.34 -0.11 3.08 2.63
-0.34 -0.11 3.03 2.58
-0.31 -0.1 2.98 2.57
-0.26 -0.09 2.92 2.58
-0.21 -0.07 2.86 2.58
-0.17 -0.06 2.8 2.58
-0.16 -0.05 2.75 2.54
-0.19 -0.06 2.7 2.45
0.0 0.0 3.15 3.15
-0.19 -0.03 3.14 2.92
-0.3 -0.05 3.12 2.76
-0.35 -0.06 3.08 2.67
-0.35 -0.06 3.03 2.62
-0.32 -0.05 2.98 2.61
-0.27 -0.05 2.92 2.61
-0.22 -0.04 2.86 2.61
-0.18 -0.03 2.8 2.6
-0.17 -0.03 2.75 2.56
-0.2 -0.03 2.7 2.47
0.0 0.0 3.15 3.15
-0.19 0.0 3.14 2.95
-0.31 0.0 3.12 2.81
-0.36 0.0 3.08 2.72
-0.36 0.0 3.03 2.68
-0.33 0.0 2.98 2.66
-0.27 0.0 2.92 2.65
-0.22 0.0 2.86 2.64
-0.18 0.0 2.8 2.63
-0.17 0.0 2.75 2.58
-0.2 0.0 2.7 2.5
0.0 0.0 3.15 3.15
-0.19 0.0 3.14 2.95
-0.31 0.0 3.12 2.81
-0.36 0.0 3.08 2.72
-0.36 0.0 3.03 2.68
-0.33 0.0 2.98 2.66
-0.27 0.0 2.92 2.65
-0.22 0.0 2.86 2.64
-0.18 0.0 2.8 2.63
-0.17 0.0 2.75 2.58
-0.2 0.0 2.7 2.5
0.0 0.0 3.15 3.15
-0.19 0.03 3.14 2.98
-0.3 0.05 3.12 2.86
-0.35 0.06 3.08 2.79
-0.35 0.06 3.03 2.74
-0.32 0.05 2.98 2.71
-0.27 0.05 2.92 2.7
-0.22 0.04 2.86 2.68
-0.18 0.03 2.8 2.66
-0.17 0.03 2.75 2.61
-0.2 0.03 2.7 2.54
0.0 0.0 3.15 3.15
-0.18 0.06 3.14 3.02
-0.29 0.1 3.12 2.92
-0.34 0.11 3.08 2.86
-0.34 0.11 3.03 2.81
-0.31 0.1 2.98 2.78
-0.26 0.09 2.92 2.75
-0.21 0.07 2.86 2.72
-0.17 0.06 2.8 2.69
-0.16 0.05 2.75 2.64
-0.19 0.06 2.7 2.57
0.0 0.0 3.15 3.15
-0.17 0.09 3.14 3.06
-0.27 0.14 3.12 2.99
-0.32 0.17 3.08 2.93
-0.32 0.17 3.03 2.88
-0.29 0.15 2.98 2.84
-0.24 0.13 2.92 2.81
-0.2 0.1 2.86 2.77
-0.16 0.08 2.8 2.73
-0.15 0.08 2.75 2.68
-0.18 0.09 2.7 2.61
0.0 0.0 3.15 3.15
-0.16 0.12 3.14 3.1
-0.25 0.18 3.12 3.05
-0.29 0.21 3.08 3.0
-0.29 0.21 3.03 2.96
-0.26 0.19 2.98 2.91
-0.22 0.16 2.92 2.86
-0.18 0.13 2.86 2.82
-0.15 0.11 2.8 2.77
-0.14 0.1 2.75 2.71
-0.16 0.12 2.7 2.66
0.0 0.0 3.15 3.15
-0.14 0.14 3.14 3.14
-0.22 0.22 3.12 3.12
-0.25 0.25 3.08 3.08
-0.25 0.25 3.03 3.03
-0.23 0.23 2.98 2.98
-0.19 0.19 2.92 2.92
-0.16 0.16 2.86 2.86
-0.13 0.13 2.8 2.8
-0.12 0.12 2.75 2.75
-0.14 0.14 2.7 2.7
0.0 0.0 3.15 3.15
-0.12 0.16 3.14 3.18
-0.18 0.25 3.12 3.18
-0.21 0.29 3.08 3.16
-0.21 0.29 3.03 3.11
-0.19 0.26 2.98 3.05
-0.16 0.22 2.92 2.98
-0.13 0.18 2.86 2.91
-0.11 0.15 2.8 2.84
-0.1 0.14 2.75 2.79
-0.12 0.16 2.7 2.74
0.0 0.0 3.15 3.15
-0.09 0.17 3.14 3.22
-0.14 0.27 3.12 3.25
-0.17 0.32 3.08 3.23
-0.17 0.32 3.03 3.19
-0.15 0.29 2.98 3.12
-0.13 0.24 2.92 3.04
-0.1 0.2 2.86 2.96
-0.08 0.16 2.8 2.88
-0.08 0.15 2.75 2.82
-0.09 0.18 2.7 2.79
0.0 0.0 3.15 3.15
-0.06 0.18 3.14 3.26
-0.1 0.29 3.12 3.31
-0.11 0.34 3.08 3.31
-0.11 0.34 3.03 3.26
-0.1 0.31 2.98 3.19
-0.09 0.26 2.92 3.1
-0.07 0.21 2.86 3.0
-0.06 0.17 2.8 2.92
-0.05 0.16 2.75 2.85
-0.06 0.19 2.7 2.83
0.0 0.0 3.15 3.15
-0.03 0.19 3.14 3.3
-0.05 0.3 3.12 3.37
-0.06 0.35 3.08 3.38
-0.06 0.35 3.03 3.33
-0.05 0.32 2.98 3.25
-0.05 0.27 2.92 3.15
-0.04 0.22 2.86 3.04
-0.03 0.18 2.8 2.95
-0.03 0.17 2.75 2.89
-0.03 0.2 2.7 2.86
0.0 0.0 3.15 3.15
0.0 0.19 3.14 3.34
0.0 0.31 3.12 3.43
0.0 0.36 3.08 3.44
0.0 0.36 3.03 3.39
0.0 0.33 2.98 3.31
0.0 0.27 2.92 3.2
0.0 0.22 2.86 3.08
0.0 0.18 2.8 2.98
0.0 0.17 2.75 2.92
0.0 0.2 2.7 2.9
0.0 0.0 3.15 3.15
0.0 0.19 3.14 3.34
0.0 0.31 3.12 3.43
0.0 0.36 3.08 3.44
0.0 0.36 3.03 3.39
0.0 0.33 2.98 3.31
0.0 0.27 2.92 3.2
0.0 0.22 2.86 3.08
0.0 0.18 2.8 2.98
0.0 0.17 2.75 2.92
0.0 0.2 2.7 2.9
0.0 0.0 3.15 3.15
0.03 0.19 3.14 3.37
0.05 0.3 3.12 3.47
0.06 0.35 3.08 3.49
0.06 0.35 3.03 3.45
0.05 0.32 2.98 3.36
0.05 0.27 2.92 3.24
0.04 0.22 2.86 3.12
0.03 0.18 2.8 3.01
0.03 0.17 2.75 2.94
0.03 0.2 2.7 2.93
0.0 0.0 3.15 3.15
0.06 0.18 3.14 3.39
0.1 0.29 3.12 3.51
0.11 0.34 3.08 3.54
0.11 0.34 3.03 3.49
0.1 0.31 2.98 3.39
0.09 0.26 2.92 3.27
0.07 0.21 2.86 3.14
0.06 0.17 2.8 3.03
0.05 0.16 2.75 2.96
0.06 0.19 2.7 2.95
0.0 0.0 3.15 3.15
0.09 0.17 3.14 3.41
0.14 0.27 3.12 3.54
0.17 0.32 3.08 3.57
0.17 0.32 3.03 3.52
0.15 0.29 2.98 3.42
0.13 0.24 2.92 3.29
0.1 0.2 2.86 3.16
0.08 0.16 2.8 3.05
0.08 0.15 2.75 2.98
0.09 0.18 2.7 2.97
0.0 0.0 3.15 3.15
0.12 0.16 3.14 3.41
0.18 0.25 3.12 3.55
0.21 0.29 3.08 3.58
0.21 0.29 3.03 3.54
0.19 0.26 2.98 3.44
0.16 0.22 2.92 3.31
0.13 0.18 2.86 3.17
0.11 0.15 2.8 3.06
0.1 0.14 2.75 2.98
0.12 0.16 2.7 2.98
0.0 0.0 3.15 3.15
0.14 0.14 3.14 3.42
0.22 0.22 3.12 3.56
0.25 0.25 3.08 3.59
0.25 0.25 3.03 3.54
0.23 0.23 2.98 3.44
0.19 0.19 2.92 3.31
0.16 0.16 2.86 3.18
0.13 0.13 2.8 3.06
0.12 0.12 2.75 2.99
0.14 0.14 2.7 2.98
0.0 0.0 3.15 3.15
0.16 0.12 3.14 3.41
0.25 0.18 3.12 3.55
0.29 0.21 3.08 3.58
0.29 0.21 3.03 3.54
0.26 0.19 2.98 3.44
0.22 0.16 2.92 3.31
0.18 0.13 2.86 3.17
0.15 0.11 2.8 3.06
0.14 0.1 2.75 2.98
0.16 0.12 2.7 2.98
0.0 0.0 3.15 3.15
0.17 0.09 3.14 3.41
0.27 0.14 3.12 3.54
0.32 0.17 3.08 3.57
0.32 0.17 3.03 3.52
0.29 0.15 2.98 3.42
0.24 0.13 2.92 3.29
0.2 0.1 2.86 3.16
0.16 0.08 2.8 3.05
0.15 0.08 2.75 2.98
0.18 0.09 2.7 2.97
0.0 0.0 3.15 3.15
0.18 0.06 3.14 3.39
0.29 0.1 3.12 3.51
0.34 0.11 3.08 3.54
0.34 0.11 3.03 3.49
0.31 0.1 2.98 3.39
0.26 0.09 2.92 3.27
0.21 0.07 2.86 3.14
0.17 0.06 2.8 3.03
0.16 0.05 2.75 2.96
0.19 0.06 2.7 2.95
0.0 0.0 3.15 3.15
0.19 0.03 3.14 3.37
0.3 0.05 3.12 3.47
0.35 0.06 3.08 3.49
0.35 0.06 3.03 3.45
0.32 0.05 2.98 3.36
0.27 0.05 2.92 3.24
0.22 0.04 2.86 3.12
0.18 0.03 2.8 3.01
0.17 0.03 2.75 2.94
0.2 0.03 2.7 2.93
0.0 0.0 3.15 3.15
0.19 0.0 3.14 3.34
0.31 0.0 3.12 3.43
0.36 0.0 3.08 3.44
0.36 0.0 3.03 3.39
0.33 0.0 2.98 3.31
0.27 0.0 2.92 3.2
0.22 0.0 2.86 3.08
0.18 0.0 2.8 2.98
0.17 0.0 2.75 2.92
0.2 0.0 2.7 2.9
0.2 0.0 2.7 2.9
0.28 0.0 2.66 2.94
0.39 0.0 2.63 3.02
0.53 0.0 2.6 3.12
0.67 0.0 2.57 3.25
0.83 0.0 2.55 3.38
0.97 0.0 2.53 3.5
1.1 0.0 2.5 3.6
1.2 0.0 2.47 3.68
1.27 0.0 2.44 3.72
1.3 0.0 2.4 3.7
0.2 -0.03 2.7 2.86
0.28 -0.05 2.66 2.89
0.39 -0.06 2.63 2.95
0.52 -0.09 2.6 3.03
0.66 -0.11 2.57 3.13
0.81 -0.14 2.55 3.23
0.96 -0.16 2.53 3.33
1.09 -0.18 2.5 3.41
1.19 -0.2 2.47 3.47
1.26 -0.21 2.44 3.49
1.28 -0.21 2.4 3.47
0.19 -0.06 2.7 2.83
0.27 -0.09 2.66 2.84
0.37 -0.12 2.63 2.87
0.5 -0.17 2.6 2.93
0.64 -0.21 2.57 3.0
0.78 -0.26 2.55 3.07
0.92 -0.31 2.53 3.14
1.04 -0.35 2.5 3.2
1.14 -0.38 2.47 3.23
1.21 -0.41 2.44 3.24
1.23 -0.41 2.4 3.22
0.18 -0.09 2.7 2.79
0.25 -0.13 2.66 2.78
0.35 -0.18 2.63 2.79
0.47 -0.24 2.6 2.82
0.6 -0.31 2.57 2.86
0.73 -0.38 2.55 2.9
0.86 -0.45 2.53 2.94
0.98 -0.51 2.5 2.97
1.07 -0.56 2.47 2.99
1.13 -0.59 2.44 2.98
1.16 -0.6 2.4 2.95
0.16 -0.12 2.7 2.74
0.23 -0.17 2.66 2.72
0.32 -0.23 2.63 2.71
0.43 -0.31 2.6 2.71
0.55 -0.4 2.57 2.72
0.67 -0.49 2.55 2.73
0.79 -0.58 2.53 2.74
0.89 -0.65 2.5 2.74
0.98 -0.72 2.47 2.73
1.03 -0.76 2.44 2.72
1.05 -0.77 2.4 2.68
0.14 -0.14 2.7 2.7
0.2 -0.2 2.66 2.66
0.28 -0.28 2.63 2.63
0.37 -0.37 2.6 2.6
0.48 -0.48 2.57 2.57
0.59 -0.59 2.55 2.55
0.69 -0.69 2.53 2.53
0.78 -0.78 2.5 2.5
0.86 -0.86 2.47 2.47
0.9 -0.9 2.44 2.44
0.92 -0.92 2.4 2.4
0.12 -0.16 2.7 2.66
0.17 -0.23 2.66 2.6
0.23 -0.32 2.63 2.54
0.31 -0.43 2.6 2.48
0.4 -0.55 2.57 2.43
0.49 -0.67 2.55 2.37
0.58 -0.79 2.53 2.32
0.65 -0.89 2.5 2.27
0.72 -0.98 2.47 2.21
0.76 -1.03 2.44 2.17
0.77 -1.05 2.4 2.12
0.09 -0.18 2.7 2.61
0.13 -0.25 2.66 2.54
0.18 -0.35 2.63 2.46
0.24 -0.47 2.6 2.37
0.31 -0.6 2.57 2.29
0.38 -0.73 2.55 2.2
0.45 -0.86 2.53 2.11
0.51 -0.98 2.5 2.03
0.56 -1.07 2.47 1.96
0.59 -1.13 2.44 1.9
0.6 -1.16 2.4 1.85
0.06 -0.19 2.7 2.57
0.09 -0.27 2.66 2.48
0.12 -0.37 2.63 2.38
0.17 -0.5 2.6 2.27
0.21 -0.64 2.57 2.15
0.26 -0.78 2.55 2.03
0.31 -0.92 2.53 1.92
0.35 -1.04 2.5 1.81
0.38 -1.14 2.47 1.71
0.41 -1.21 2.44 1.64
0.41 -1.23 2.4 1.58
0.03 -0.2 2.7 2.54
0.05 -0.28 2.66 2.43
0.06 -0.39 2.63 2.3
0.09 -0.52 2.6 2.16
0.11 -0.66 2.57 2.02
0.14 -0.81 2.55 1.87
0.16 -0.96 2.53 1.73
0.18 -1.09 2.5 1.6
0.2 -1.19 2.47 1.48
0.21 -1.26 2.44 1.39
0.21 -1.28 2.4 1.33
0.0 -0.2 2.7 2.5
0.0 -0.28 2.66 2.38
0.0 -0.39 2.63 2.23
0.0 -0.53 2.6 2.07
0.0 -0.67 2.57 1.9
0.0 -0.82 2.55 1.72
0.0 -0.97 2.53 1.56
0.0 -1.1 2.5 1.4
0.0 -1.2 2.47 1.27
0.0 -1.27 2.44 1.17
0.0 -1.3 2.4 1.1
0.0 -0.2 2.7 2.5
0.0 -0.28 2.66 2.38
0.0 -0.39 2.63 2.23
0.0 -0.53 2.6 2.07
0.0 -0.67 2.57 1.9
0.0 -0.83 2.55 1.72
0.0 -0.97 2.53 1.56
0.0 -1.1 2.5 1.4
0.0 -1.2 2.47 1.27
0.0 -1.27 2.44 1.17
0.0 -1.3 2.4 1.1
-0.03 -0.2 2.7 2.47
-0.05 -0.28 2.66 2.34
-0.06 -0.39 2.63 2.18
-0.09 -0.52 2.6 1.99
-0.11 -0.66 2.57 1.8
-0.14 -0.81 2.55 1.6
-0.16 -0.96 2.53 1.41
-0.18 -1.09 2.5 1.24
-0.2 -1.19 2.47 1.09
-0.21 -1.26 2.44 0.97
-0.21 -1.28 2.4 0.9
-0.06 -0.19 2.7 2.45
-0.09 -0.27 2.66 2.3
-0.12 -0.37 2.63 2.13
-0.17 -0.5 2.6 1.93
-0.21 -0.64 2.57 1.72
-0.26 -0.78 2.55 1.5
-0.31 -0.92 2.53 1.3
-0.35 -1.04 2.5 1.11
-0.38 -1.14 2.47 0.95
-0.41 -1.21 2.44 0.82
-0.41 -1.23 2.4 0.75
-0.09 -0.18 2.7 2.43
-0.13 -0.25 2.66 2.28
-0.18 -0.35 2.63 2.1
-0.24 -0.47 2.6 1.89
-0.31 -0.6 2.57 1.66
-0.38 -0.73 2.55 1.43
-0.45 -0.86 2.53 1.21
-0.51 -0.98 2.5 1.01
-0.56 -1.07 2.47 0.84
-0.59 -1.13 2.44 0.72
-0.6 -1.16 2.4 0.64
-0.12 -0.16 2.7 2.42
-0.17 -0.23 2.66 2.27
-0.23 -0.32 2.63 2.08
-0.31 -0.43 2.6 1.86
-0.4 -0.55 2.57 1.63
-0.49 -0.67 2.55 1.39
-0.58 -0.79 2.53 1.17
-0.65 -0.89 2.5 0.96
-0.72 -0.98 2.47 0.78
-0.76 -1.03 2.44 0.65
-0.77 -1.05 2.4 0.58
-0.14 -0.14 2.7 2.42
-0.2 -0.2 2.66 2.26
-0.28 -0.28 2.63 2.07
-0.37 -0.37 2.6 1.85
-0.48 -0.48 2.57 1.62
-0.59 -0.59 2.55 1.38
-0.69 -0.69 2.53 1.15
-0.78 -0.78 2.5 0.94
-0.86 -0.86 2.47 0.76
-0.9 -0.9 2.44 0.63
-0.92 -0.92 2.4 0.55
-0.16 -0.12 2.7 2.42
-0.23 -0.17 2.66 2.27
-0.32 -0.23 2.63 2.08
-0.43 -0.31 2.6 1.86
-0.55 -0.4 2.57 1.63
-0.67 -0.49 2.55 1.39
-0.79 -0.58 2.53 1.17
-0.89 -0.65 2.5 0.96
-0.98 -0.72 2.47 0.78
-1.03 -0.76 2.44 0.65
-1.05 -0.77 2.4 0.58
-0.18 -0.09 2.7 2.43
-0.25 -0.13 2.66 2.28
-0.35 -0.18 2.63 2.1
-0.47 -0.24 2.6 1.89
-0.6 -0.31 2.57 1.66
-0.73 -0.38 2.55 1.43
-0.86 -0.45 2.53 1.21
-0.98 -0.51 2.5 1.01
-1.07 -0.56 2.47 0.84
-1.13 -0.59 2.44 0.72
-1.16 -0.6 2.4 0.64
-0.19 -0.06 2.7 2.45
-0.27 -0.09 2.66 2.3
-0.37 -0.12 2.63 2.13
-0.5 -0.17 2.6 1.93
-0.64 -0.21 2.57 1.72
-0.78 -0.26 2.55 1.5
-0.92 -0.31 2.53 1.3
-1.04 -0.35 2.5 1.11
-1.14 -0.38 2.47 0.95
-1.21 -0.41 2.44 0.82
-1.23 -0.41 2.4 0.75
-0.2 -0.03 2.7 2.47
-0.28 -0.05 2.66 2.34
-0.39 -0.06 2.63 2.18
-0.52 -0.09 2.6 1.99
-0.66 -0.11 2.57 1.8
-0.81 -0.14 2.55 1.6
-0.96 -0.16 2.53 1.41
-1.09 -0.18 2.5 1.24
-1.19 -0.2 2.47 1.09
-1.26 -0.21 2.44 0.97
-1.28 -0.21 2.4 0.9
-0.2 0.0 2.7 2.5
-0.28 0.0 2.66 2.38
-0.39 0.0 2.63 2.23
-0.53 0.0 2.6 2.07
-0.67 0.0 2.57 1.9
-0.82 0.0 2.55 1.72
-0.97 0.0 2.53 1.56
-1.1 0.0 2.5 1.4
-1.2 0.0 2.47 1.27
-1.27 0.0 2.44 1.17
-1.3 0.0 2.4 1.1
-0.2 0.0 2.7 2.5
-0.28 0.0 2.66 2.38
-0.39 0.0 2.63 2.23
-0.53 0.0 2.6 2.07
-0.67 0.0 2.57 1.9
-0.83 0.0 2.55 1.72
-0.97 0.0 2.53 1.56
-1.1 0.0 2.5 1.4
-1.2 0.0 2.47 1.27
-1.27 0.0 2.44 1.17
-1.3 0.0 2.4 1.1
-0.2 0.03 2.7 2.54
-0.28 0.05 2.66 2.43
-0.39 0.06 2.63 2.3
-0.52 0.09 2.6 2.16
-0.66 0.11 2.57 2.02
-0.81 0.14 2.55 1.87
-0.96 0.16 2.53 1.73
-1.09 0.18 2.5 1.6
-1.19 0.2 2.47 1.48
-1.26 0.21 2.44 1.39
-1.28 0.21 2.4 1.33
-0.19 0.06 2.7 2.57
-0.27 0.09 2.66 2.48
-0.37 0.12 2.63 2.38
-0.5 0.17 2.6 2.27
-0.64 0.21 2.57 2.15
-0.78 0.26 2.55 2.03
-0.92 0.31 2.53 1.92
-1.04 0.35 2.5 1.81
-1.14 0.38 2.47 1.71
-1.21 0.41 2.44 1.64
-1.23 0.41 2.4 1.58
-0.18 0.09 2.7 2.61
-0.25 0.13 2.66 2.54
-0.35 0.18 2.63 2.46
-0.47 0.24 2.6 2.37
-0.6 0.31 2.57 2.29
-0.73 0.38 2.55 2.2
-0.86 0.45 2.53 2.11
-0.98 0.51 2.5 2.03
-1.07 0.56 2.47 1.96
-1.13 0.59 2.44 1.9
-1.16 0.6 2.4 1.85
-0.16 0.12 2.7 2.66
-0.23 0.17 2.66 2.6
-0.32 0.23 2.63 2.54
-0.43 0.31 2.6 2.48
-0.55 0.4 2.57 2.43
-0.67 0.49 2.55 2.37
-0.79 0.58 2.53 2.32
-0.89 0.65 2.5 2.27
-0.98 0.72 2.47 2.21
-1.03 0.76 2.44 2.17
-1.05 0.77 2.4 2.12
-0.14 0.14 2.7 2.7
-0.2 0.2 2.66 2.66
-0.28 0.28 2.63 2.63
-0.37 0.37 2.6 2.6
-0.48 0.48 2.57 2.57
-0.59 0.59 2.55 2.55
-0.69 0.69 2.53 2.53
-0.78 0.78 2.5 2.5
-0.86 0.86 2.47 2.47
-0.9 0.9 2.44 2.44
-0.92 0.92 2.4 2.4
-0.12 0.16 2.7 2.74
-0.17 0.23 2.66 2.72
-0.23 0.32 2.63 2.71
-0.31 0.43 2.6 2.71
-0.4 0.55 2.57 2.72
-0.49 0.67 2.55 2.73
-0.58 0.79 2.53 2.74
-0.65 0.89 2.5 2.74
-0.72 0.98 2.47 2.73
-0.76 1.03 2.44 2.72
-0.77 1.05 2.4 2.68
-0.09 0.18 2.7 2.79
-0.13 0.25 2.66 2.78
-0.18 0.35 2.63 2.79
-0.24 0.47 2.6 2.82
-0.31 0.6 2.57 2.86
-0.38 0.73 2.55 2.9
-0.45 0.86 2.53 2.94
-0.51 0.98 2.5 2.97
-0.56 1.07 2.47 2.99
-0.59 1.13 2.44 2.98
-0.6 1.16 2.4 2.95
-0.06 0.19 2.7 2.83
-0.09 0.27 2.66 2.84
-0.12 0.37 2.63 2.87
-0.17 0.5 2.6 2.93
-0.21 0.64 2.57 3.0
-0.26 0.78 2.55 3.07
-0.31 0.92 2.53 3.14
-0.35 1.04 2.5 3.2
-0.38 1.14 2.47 3.23
-0.41 1.21 2.44 3.24
-0.41 1.23 2.4 3.22
-0.03 0.2 2.7 2.86
-0.05 0.28 2.66 2.89
-0.06 0.39 2.63 2.95
-0.09 0.52 2.6 3.03
-0.11 0.66 2.57 3.13
-0.14 0.81 2.55 3.23
-0.16 0.96 2.53 3.33
-0.18 1.09 2.5 3.41
-0.2 1.19 2.47 3.47
-0.21 1.26 2.44 3.49
-0.21 1.28 2.4 3.47
0.0 0.2 2.7 2.9
0.0 0.28 2.66 2.94
0.0 0.39 2.63 3.02
0.0 0.53 2.6 3.12
0.0 0.67 2.57 3.25
0.0 0.82 2.55 3.37
0.0 0.97 2.53 3.5
0.0 1.1 2.5 3.6
0.0 1.2 2.47 3.68
0.0 1.27 2.44 3.72
0.0 1.3 2.4 3.7
0.0 0.2 2.7 2.9
0.0 0.28 2.66 2.94
0.0 0.39 2.63 3.02
0.0 0.53 2.6 3.12
0.0 0.67 2.57 3.25
0.0 0.83 2.55 3.38
0.0 0.97 2.53 3.5
0.0 1.1 2.5 3.6
0.0 1.2 2.47 3.68
0.0 1.27 2.44 3.72
0.0 1.3 2.4 3.7
0.03 0.2 2.7 2.93
0.05 0.28 2.66 2.98
0.06 0.39 2.63 3.08
0.09 0.52 2.6 3.2
0.11 0.66 2.57 3.35
0.14 0.81 2.55 3.5
0.16 0.96 2.53 3.64
0.18 1.09 2.5 3.77
0.2 1.19 2.47 3.86
0.21 1.26 2.44 3.91
0.21 1.28 2.4 3.9
0.06 0.19 2.7 2.95
0.09 0.27 2.66 3.01
0.12 0.37 2.63 3.12
0.17 0.5 2.6 3.26
0.21 0.64 2.57 3.43
0.26 0.78 2.55 3.6
0.31 0.92 2.53 3.76
0.35 1.04 2.5 3.9
0.38 1.14 2.47 4.0
0.41 1.21 2.44 4.06
0.41 1.23 2.4 4.05
0.09 0.18 2.7 2.97
0.13 0.25 2.66 3.04
0.18 0.35 2.63 3.15
0.24 0.47 2.6 3.31
0.31 0.6 2.57 3.48
0.38 0.73 2.55 3.67
0.45 0.86 2.53 3.84
0.51 0.98 2.5 3.99
0.56 1.07 2.47 4.1
0.59 1.13 2.44 4.17
0.6 1.16 2.4 4.16
0.12 0.16 2.7 2.98
0.17 0.23 2.66 3.05
0.23 0.32 2.63 3.17
0.31 0.43 2.6 3.34
0.4 0.55 2.57 3.52
0.49 0.67 2.55 3.71
0.58 0.79 2.53 3.89
0.65 0.89 2.5 4.05
0.72 0.98 2.47 4.16
0.76 1.03 2.44 4.23
0.77 1.05 2.4 4.22
0.14 0.14 2.7 2.98
0.2 0.2 2.66 3.06
0.28 0.28 2.63 3.18
0.37 0.37 2.6 3.34
0.48 0.48 2.57 3.53
0.59 0.59 2.55 3.72
0.69 0.69 2.53 3.91
0.78 0.78 2.5 4.06
0.86 0.86 2.47 4.19
0.9 0.9 2.44 4.25
0.92 0.92 2.4 4.25
0.16 0.12 2.7 2.98
0.23 0.17 2.66 3.05
0.32 0.23 2.63 3.17
0.43 0.31 2.6 3.34
0.55 0.4 2.57 3.52
0.67 0.49 2.55 3.71
0.79 0.58 2.53 3.89
0.89 0.65 2.5 4.05
0.98 0.72 2.47 4.16
1.03 0.76 2.44 4.23
1.05 0.77 2.4 4.22
0.18 0.09 2.7 2.97
0.25 0.13 2.66 3.04
0.35 0.18 2.63 3.15
0.47 0.24 2.6 3.31
0.6 0.31 2.57 3.48
0.73 0.38 2.55 3.67
0.86 0.45 2.53 3.84
0.98 0.51 2.5 3.99
1.07 0.56 2.47 4.1
1.13 0.59 2.44 4.17
1.16 0.6 2.4 4.16
0.19 0.06 2.7 2.95
0.27 0.09 2.66 3.01
0.37 0.12 2.63 3.12
0.5 0.17 2.6 3.26
0.64 0.21 2.57 3.43
0.78 0.26 2.55 3.6
0.92 0.31 2.53 3.76
1.04 0.35 2.5 3.9
1.14 0.38 2.47 4.0
1.21 0.41 2.44 4.06
1.23 0.41 2.4 4.05
0.2 0.03 2.7 2.93
0.28 0.05 2.66 2.98
0.39 0.06 2.63 3.08
0.52 0.09 2.6 3.2
0.66 0.11 2.57 3.35
0.81 0.14 2.55 3.5
0.96 0.16 2.53 3.64
1.09 0.18 2.5 3.77
1.19 0.2 2.47 3.86
1.26 0.21 2.44 3.91
1.28 0.21 2.4 3.9
0.2 0.0 2.7 2.9
0.28 0.0 2.66 2.94
0.39 0.0 2.63 3.02
0.53 0.0 2.6 3.12
0.67 0.0 2.57 3.25
0.82 0.0 2.55 3.37
0.97 0.0 2.53 3.5
1.1 0.0 2.5 3.6
1.2 0.0 2.47 3.68
1.27 0.0 2.44 3.72
1.3 0.0 2.4 3.7
0.0 0.0 0.0 0.0
0.39 0.0 0.0 0.39
0.7 0.0 0.01 0.71
0.95 0.0 0.02 0.97
1.14 0.0 0.03 1.17
1.28 0.0 0.05 1.33
1.38 0.0 0.06 1.45
1.45 0.0 0.08 1.53
1.48 0.0 0.11 1.59
1.5 0.0 0.13 1.62
1.5 0.0 0.15 1.65
0.0 0.0 0.0 0.0
0.38 0.06 0.0 0.45
0.69 0.12 0.01 0.82
0.94 0.16 0.02 1.11
1.13 0.19 0.03 1.35
1.27 0.21 0.05 1.53
1.36 0.23 0.06 1.66
1.43 0.24 0.08 1.75
1.46 0.24 0.11 1.81
1.48 0.25 0.13 1.85
1.48 0.25 0.15 1.88
0.0 0.0 0.0 0.0
0.37 0.12 0.0 0.49
0.67 0.22 0.01 0.9
0.9 0.3 0.02 1.23
1.09 0.36 0.03 1.48
1.22 0.41 0.05 1.68
1.31 0.44 0.06 1.82
1.37 0.46 0.08 1.92
1.41 0.47 0.11 1.98
1.42 0.48 0.13 2.03
1.42 0.48 0.15 2.05
0.0 0.0 0.0 0.0
0.35 0.18 0.0 0.53
0.63 0.33 0.01 0.96
0.85 0.44 0.02 1.31
1.02 0.53 0.03 1.58
1.14 0.59 0.05 1.78
1.23 0.64 0.06 1.93
1.29 0.67 0.08 2.04
1.32 0.69 0.11 2.11
1.33 0.69 0.13 2.15
1.33 0.69 0.15 2.18
0.0 0.0 0.0 0.0
0.31 0.23 0.0 0.55
0.57 0.42 0.01 1.0
0.77 0.57 0.02 1.35
0.93 0.68 0.03 1.64
1.04 0.76 0.05 1.85
1.12 0.82 0.06 2.0
1.17 0.86 0.08 2.11
1.2 0.88 0.11 2.18
1.21 0.89 0.13 2.23
1.21 0.89 0.15 2.25
0.0 0.0 0.0 0.0
0.28 0.28 0.0 0.55
0.5 0.5 0.01 1.01
0.68 0.68 0.02 1.37
0.81 0.81 0.03 1.66
0.91 0.91 0.05 1.87
0.98 0.98 0.06 2.03
1.03 1.03 0.08 2.14
1.05 1.05 0.11 2.21
1.06 1.06 0.13 2.25
1.07 1.07 0.15 2.28
0.0 0.0 0.0 0.0
0.23 0.31 0.0 0.55
0.42 0.57 0.01 1.0
0.57 0.77 0.02 1.35
0.68 0.93 0.03 1.64
0.76 1.04 0.05 1.85
0.82 1.12 0.06 2.0
0.86 1.17 0.08 2.11
0.88 1.2 0.11 2.18
0.89 1.21 0.13 2.23
0.89 1.21 0.15 2.25
0.0 0.0 0.0 0.0
0.18 0.35 0.0 0.53
0.33 0.63 0.01 0.96
0.44 0.85 0.02 1.31
0.53 1.02 0.03 1.58
0.59 1.14 0.05 1.78
0.64 1.23 0.06 1.93
0.67 1.29 0.08 2.04
0.69 1.32 0.11 2.11
0.69 1.33 0.13 2.15
0.69 1.33 0.15 2.18
0.0 0.0 0.0 0.0
0.12 0.37 0.0 0.49
0.22 0.67 0.01 0.9
0.3 0.9 0.02 1.23
0.36 1.09 0.03 1.48
0.41 1.22 0.05 1.68
0.44 1.31 0.06 1.82
0.46 1.37 0.08 1.92
0.47 1.41 0.11 1.98
0.48 1.42 0.13 2.03
0.48 1.42 0.15 2.05
0.0 0.0 0.0 0.0
0.06 0.38 0.0 0.45
0.12 0.69 0.01 0.82
0.16 0.94 0.02 1.11
0.19 1.13 0.03 1.35
0.21 1.27 0.05 1.53
0.23 1.36 0.06 1.66
0.24 1.43 0.08 1.75
0.24 1.46 0.11 1.81
0.25 1.48 0.13 1.85
0.25 1.48 0.15 1.88
0.0 0.0 0.0 0.0
0.0 0.39 0.0 0.39
0.0 0.7 0.01 0.71
0.0 0.95 0.02 0.97
0.0 1.14 0.03 1.17
0.0 1.28 0.05 1.33
0.0 1.38 0.06 1.45
0.0 1.45 0.08 1.53
0.0 1.48 0.11 1.59
0.0 1.5 0.13 1.62
0.0 1.5 0.15 1.65
0.0 0.0 0.0 0.0
0.0 0.39 0.0 0.39
0.0 0.7 0.01 0.71
0.0 0.95 0.02 0.97
0.0 1.14 0.03 1.17
0.0 1.28 0.05 1.33
0.0 1.38 0.06 1.45
0.0 1.45 0.08 1.53
0.0 1.48 0.11 1.59
0.0 1.5 0.13 1.62
0.0 1.5 0.15 1.65
0.0 0.0 0.0 0.0
-0.06 0.38 0.0 0.32
-0.12 0.69 0.01 0.59
-0.16 0.94 0.02 0.8
-0.19 1.13 0.03 0.97
-0.21 1.27 0.05 1.1
-0.23 1.36 0.06 1.2
-0.24 1.43 0.08 1.27
-0.24 1.46 0.11 1.32
-0.25 1.48 0.13 1.36
-0.25 1.48 0.15 1.38
0.0 0.0 0.0 0.0
-0.12 0.37 0.0 0.25
-0.22 0.67 0.01 0.45
-0.3 0.9 0.02 0.62
-0.36 1.09 0.03 0.75
-0.41 1.22 0.05 0.86
-0.44 1.31 0.06 0.94
-0.46 1.37 0.08 1.0
-0.47 1.41 0.11 1.04
-0.48 1.42 0.13 1.07
-0.48 1.42 0.15 1.1
0.0 0.0 0.0 0.0
-0.18 0.35 0.0 0.17
-0.33 0.63 0.01 0.31
-0.44 0.85 0.02 0.42
-0.53 1.02 0.03 0.52
-0.59 1.14 0.05 0.6
-0.64 1.23 0.06 0.65
-0.67 1.29 0.08 0.7
-0.69 1.32 0.11 0.74
-0.69 1.33 0.13 0.77
-0.69 1.33 0.15 0.79
0.0 0.0 0.0 0.0
-0.23 0.31 0.0 0.09
-0.42 0.57 0.01 0.16
-0.57 0.77 0.02 0.22
-0.68 0.93 0.03 0.28
-0.76 1.04 0.05 0.32
-0.82 1.12 0.06 0.36
-0.86 1.17 0.08 0.4
-0.88 1.2 0.11 0.42
-0.89 1.21 0.13 0.45
-0.89 1.21 0.15 0.47
0.0 0.0 0.0 0.0
-0.28 0.28 0.0 0.0
-0.5 0.5 0.01 0.01
-0.68 0.68 0.02 0.02
-0.81 0.81 0.03 0.03
-0.91 0.91 0.05 0.05
-0.98 0.98 0.06 0.06
-1.03 1.03 0.08 0.08
-1.05 1.05 0.11 0.11
-1.06 1.06 0.13 0.13
-1.07 1.07 0.15 0.15
0.0 0.0 0.0 0.0
-0.31 0.23 0.0 -0.08
-0.57 0.42 0.01 -0.14
-0.77 0.57 0.02 -0.19
-0.93 0.68 0.03 -0.22
-1.04 0.76 0.05 -0.23
-1.12 0.82 0.06 -0.23
-1.17 0.86 0.08 -0.23
-1.2 0.88 0.11 -0.21
-1.21 0.89 0.13 -0.19
-1.21 0.89 0.15 -0.17
0.0 0.0 0.0 0.0
-0.35 0.18 0.0 -0.16
-0.63 0.33 0.01 -0.29
-0.85 0.44 0.02 -0.39
-1.02 0.53 0.03 -0.46
-1.14 0.59 0.05 -0.5
-1.23 0.64 0.06 -0.53
-1.29 0.67 0.08 -0.53
-1.32 0.69 0.11 -0.53
-1.33 0.69 0.13 -0.51
-1.33 0.69 0.15 -0.49
0.0 0.0 0.0 0.0
-0.37 0.12 0.0 -0.24
-0.67 0.22 0.01 -0.44
-0.9 0.3 0.02 -0.58
-1.09 0.36 0.03 -0.69
-1.22 0.41 0.05 -0.76
-1.31 0.44 0.06 -0.81
-1.37 0.46 0.08 -0.83
-1.41 0.47 0.11 -0.83
-1.42 0.48 0.13 -0.82
-1.42 0.48 0.15 -0.8
0.0 0.0 0.0 0.0
-0.38 0.06 0.0 -0.32
-0.69 0.12 0.01 -0.57
-0.94 0.16 0.02 -0.77
-1.13 0.19 0.03 -0.91
-1.27 0.21 0.05 -1.01
-1.36 0.23 0.06 -1.07
-1.43 0.24 0.08 -1.11
-1.46 0.24 0.11 -1.11
-1.48 0.25 0.13 -1.1
-1.48 0.25 0.15 -1.08
0.0 0.0 0.0 0.0
-0.39 0.0 0.0 -0.39
-0.7 0.0 0.01 -0.69
-0.95 0.0 0.02 -0.93
-1.14 0.0 0.03 -1.11
-1.28 0.0 0.05 -1.24
-1.38 0.0 0.06 -1.32
-1.45 0.0 0.08 -1.36
-1.48 0.0 0.11 -1.38
-1.5 0.0 0.13 -1.37
-1.5 0.0 0.15 -1.35
0.0 0.0 0.0 0.0
-0.39 0.0 0.0 -0.39
-0.7 0.0 0.01 -0.69
-0.95 0.0 0.02 -0.93
-1.14 0.0 0.03 -1.11
-1.28 0.0 0.05 -1.24
-1.38 0.0 0.06 -1.32
-1.45 0.0 0.08 -1.36
-1.48 0.0 0.11 -1.38
-1.5 0.0 0.13 -1.37
-1.5 0.0 0.15 -1.35
0.0 0.0 0.0 0.0
-0.38 -0.06 0.0 -0.44
-0.69 -0.12 0.01 -0.8
-0.94 -0.16 0.02 -1.08
-1.13 -0.19 0.03 -1.29
-1.27 -0.21 0.05 -1.43
-1.36 -0.23 0.06 -1.53
-1.43 -0.24 0.08 -1.58
-1.46 -0.24 0.11 -1.6
-1.48 -0.25 0.13 -1.6
-1.48 -0.25 0.15 -1.58
0.0 0.0 0.0 0.0
-0.37 -0.12 0.0 -0.49
-0.67 -0.22 0.01 -0.88
-0.9 -0.3 0.02 -1.19
-1.09 -0.36 0.03 -1.42
-1.22 -0.41 0.05 -1.58
-1.31 -0.44 0.06 -1.69
-1.37 -0.46 0.08 -1.75
-1.41 -0.47 0.11 -1.77
-1.42 -0.48 0.13 -1.77
-1.42 -0.48 0.15 -1.75
0.0 0.0 0.0 0.0
-0.35 -0.18 0.0 -0.52
-0.63 -0.33 0.01 -0.94
-0.85 -0.44 0.02 -1.27
-1.02 -0.53 0.03 -1.52
-1.14 -0.59 0.05 -1.69
-1.23 -0.64 0.06 -1.81
-1.29 -0.67 0.08 -1.87
-1.32 -0.69 0.11 -1.9
-1.33 -0.69 0.13 -1.9
-1.33 -0.69 0.15 -1.88
0.0 0.0 0.0 0.0
-0.31 -0.23 0.0 -0.54
-0.57 -0.42 0.01 -0.98
-0.77 -0.57 0.02 -1.32
-0.93 -0.68 0.03 -1.57
-1.04 -0.76 0.05 -1.76
-1.12 -0.82 0.06 -1.87
-1.17 -0.86 0.08 -1.94
-1.2 -0.88 0.11 -1.97
-1.21 -0.89 0.13 -1.97
-1.21 -0.89 0.15 -1.95
0.0 0.0 0.0 0.0
-0.28 -0.28 0.0 -0.55
-0.5 -0.5 0.01 -0.99
-0.68 -0.68 0.02 -1.33
-0.81 -0.81 0.03 -1.59
-0.91 -0.91 0.05 -1.78
-0.98 -0.98 0.06 -1.9
-1.03 -1.03 0.08 -1.97
-1.05 -1.05 0.11 -2.0
-1.06 -1.06 0.13 -2.0
-1.07 -1.07 0.15 -1.98
0.0 0.0 0.0 0.0
-0.23 -0.31 0.0 -0.54
-0.42 -0.57 0.01 -0.98
-0.57 -0.77 0.02 -1.32
-0.68 -0.93 0.03 -1.57
-0.76 -1.04 0.05 -1.76
-0.82 -1.12 0.06 -1.87
-0.86 -1.17 0.08 -1.94
-0.88 -1.2 0.11 -1.97
-0.89 -1.21 0.13 -1.97
-0.89 -1.21 0.15 -1.95
0.0 0.0 0.0 0.0
-0.18 -0.35 0.0 -0.52
-0.33 -0.63 0.01 -0.94
-0.44 -0.85 0.02 -1.27
-0.53 -1.02 0.03 -1.52
-0.59 -1.14 0.05 -1.69
-0.64 -1.23 0.06 -1.81
-0.67 -1.29 0.08 -1.87
-0.69 -1.32 0.11 -1.9
-0.69 -1.33 0.13 -1.9
-0.69 -1.33 0.15 -1.88
0.0 0.0 0.0 0.0
-0.12 -0.37 0.0 -0.49
-0.22 -0.67 0.01 -0.88
-0.3 -0.9 0.02 -1.19
-0.36 -1.09 0.03 -1.42
-0.41 -1.22 0.05 -1.58
-0.44 -1.31 0.06 -1.69
-0.46 -1.37 0.08 -1.75
-0.47 -1.41 0.11 -1.77
-0.48 -1.42 0.13 -1.77
-0.48 -1.42 0.15 -1.75
0.0 0.0 0.0 0.0
-0.06 -0.38 0.0 -0.44
-0.12 -0.69 0.01 -0.8
-0.16 -0.94 0.02 -1.08
-0.19 -1.13 0.03 -1.29
-0.21 -1.27 0.05 -1.43
-0.23 -1.36 0.06 -1.53
-0.24 -1.43 0.08 -1.58
-0.24 -1.46 0.11 -1.6
-0.25 -1.48 0.13 -1.6
-0.25 -1.48 0.15 -1.58
0.0 0.0 0.0 0.0
0.0 -0.39 0.0 -0.39
0.0 -0.7 0.01 -0.69
0.0 -0.95 0.02 -0.93
0.0 -1.14 0.03 -1.11
0.0 -1.28 0.05 -1.24
0.0 -1.38 0.06 -1.32
0.0 -1.45 0.08 -1.36
0.0 -1.48 0.11 -1.38
0.0 -1.5 0.13 -1.37
0.0 -1.5 0.15 -1.35
0.0 0.0 0.0 0.0
0.0 -0.39 0.0 -0.39
0.0 -0.7 0.01 -0.69
0.0 -0.95 0.02 -0.93
0.0 -1.14 0.03 -1.11
0.0 -1.28 0.05 -1.24
0.0 -1.38 0.06 -1.32
0.0 -1.45 0.08 -1.36
0.0 -1.48 0.11 -1.38
0.0 -1.5 0.13 -1.37
0.0 -1.5 0.15 -1.35
0.0 0.0 0.0 0.0
0.06 -0.38 0.0 -0.32
0.12 -0.69 0.01 -0.57
0.16 -0.94 0.02 -0.77
0.19 -1.13 0.03 -0.91
0.21 -1.27 0.05 -1.01
0.23 -1.36 0.06 -1.07
0.24 -1.43 0.08 -1.11
0.24 -1.46 0.11 -1.11
0.25 -1.48 0.13 -1.1
0.25 -1.48 0.15 -1.08
0.0 0.0 0.0 0.0
0.12 -0.37 0.0 -0.24
0.22 -0.67 0.01 -0.44
0.3 -0.9 0.02 -0.58
0.36 -1.09 0.03 -0.69
0.41 -1.22 0.05 -0.76
0.44 -1.31 0.06 -0.81
0.46 -1.37 0.08 -0.83
0.47 -1.41 0.11 -0.83
0.48 -1.42 0.13 -0.82
0.48 -1.42 0.15 -0.8
0.0 0.0 0.0 0.0
0.18 -0.35 0.0 -0.16
0.33 -0.63 0.01 -0.29
0.44 -0.85 0.02 -0.39
0.53 -1.02 0.03 -0.46
0.59 -1.14 0.05 -0.5
0.64 -1.23 0.06 -0.53
0.67 -1.29 0.08 -0.53
0.69 -1.32 0.11 -0.53
0.69 -1.33 0.13 -0.51
0.69 -1.33 0.15 -0.49
0.0 0.0 0.0 0.0
0.23 -0.31 0.0 -0.08
0.42 -0.57 0.01 -0.14
0.57 -0.77 0.02 -0.19
0.68 -0.93 0.03 -0.22
0.76 -1.04 0.05 -0.23
0.82 -1.12 0.06 -0.23
0.86 -1.17 0.08 -0.23
0.88 -1.2 0.11 -0.21
0.89 -1.21 0.13 -0.19
0.89 -1.21 0.15 -0.17
0.0 0.0 0.0 0.0
0.28 -0.28 0.0 0.0
0.5 -0.5 0.01 0.01
0.68 -0.68 0.02 0.02
0.81 -0.81 0.03 0.03
0.91 -0.91 0.05 0.05
0.98 -0.98 0.06 0.06
1.03 -1.03 0.08 0.08
1.05 -1.05 0.11 0.11
1.06 -1.06 0.13 0.13
1.07 -1.07 0.15 0.15
0.0 0.0 0.0 0.0
0.31 -0.23 0.0 0.09
0.57 -0.42 0.01 0.16
0.77 -0.57 0.02 0.22
0.93 -0.68 0.03 0.28
1.04 -0.76 0.05 0.32
1.12 -0.82 0.06 0.36
1.17 -0.86 0.08 0.4
1.2 -0.88 0.11 0.42
1.21 -0.89 0.13 0.45
1.21 -0.89 0.15 0.47
0.0 0.0 0.0 0.0
0.35 -0.18 0.0 0.17
0.63 -0.33 0.01 0.31
0.85 -0.44 0.02 0.42
1.02 -0.53 0.03 0.52
1.14 -0.59 0.05 0.6
1.23 -0.64 0.06 0.65
1.29 -0.67 0.08 0.7
1.32 -0.69 0.11 0.74
1.33 -0.69 0.13 0.77
1.33 -0.69 0.15 0.79
0.0 0.0 0.0 0.0
0.37 -0.12 0.0 0.25
0.67 -0.22 0.01 0.45
0.9 -0.3 0.02 0.62
1.09 -0.36 0.03 0.75
1.22 -0.41 0.05 0.86
1.31 -0.44 0.06 0.94
1.37 -0.46 0.08 1.0
1.41 -0.47 0.11 1.04
1.42 -0.48 0.13 1.07
1.42 -0.48 0.15 1.1
0.0 0.0 0.0 0.0
0.38 -0.06 0.0 0.32
0.69 -0.12 0.01 0.59
0.94 -0.16 0.02 0.8
1.13 -0.19 0.03 0.97
1.27 -0.21 0.05 1.1
1.36 -0.23 0.06 1.2
1.43 -0.24 0.08 1.27
1.46 -0.24 0.11 1.32
1.48 -0.25 0.13 1.36
1.48 -0.25 0.15 1.38
0.0 0.0 0.0 0.0
0.39 0.0 0.0 0.39
0.7 0.0 0.01 0.71
0.95 0.0 0.02 0.97
1.14 0.0 0.03 1.17
1.28 0.0 0.05 1.33
1.38 0.0 0.06 1.45
1.45 0.0 0.08 1.53
1.48 0.0 0.11 1.59
1.5 0.0 0.13 1.62
1.5 0.0 0.15 1.65
